% # columns=["iteration, evaluation, sigma, void, void,  stds==sigma*sqrt(diag(C))", seed=1068068, Thu Aug 17 17:07:08 2017
0 0 0.1 0 0 0.1 0.10000025 0.100000500001 0.100000750003 0.100001000005 0.100001250008 0.100001500011 0.100001750015 0.10000200002 0.100002250025 0.100002500031 0.100002750038 0.100003000045 0.100003250053 0.100003500061 0.10000375007 0.10000400008 0.10000425009 0.100004500101 0.100004750113
1 12 0.0938610035799 0 0 0.0946998853578 0.0938139291367 0.0932930481948 0.0934109734988 0.0934665910059 0.0933852157631 0.0934992828099 0.0944400125738 0.0938104641787 0.0933986659039 0.0936070002788 0.0934889203961 0.0932683427751 0.0939941270272 0.0936952630434 0.0940587835376 0.0940051409982 0.0935190189595 0.0941799220038 0.0940705639104
2 24 0.0955092888313 0 0 0.0962396425126 0.0962483259058 0.0950000878453 0.0943637384473 0.0949165085921 0.0965193750289 0.0943265932945 0.096638008557 0.095591853816 0.0957095235472 0.094285724856 0.0943846132295 0.0961272533241 0.0955219754459 0.0952799706473 0.0954739321666 0.0954528636902 0.0955225030048 0.0959026094845 0.09590186634
3 36 0.0998111955667 0 0 0.100928615348 0.101271268092 0.0990248386371 0.098045117896 0.0994100480728 0.0993379027124 0.0985575585928 0.104212422287 0.098624914958 0.100243173707 0.0987485905708 0.0988708372148 0.0997815546735 0.0997544765635 0.0996328148127 0.0995840050266 0.0992871933544 0.100301300893 0.100224967581 0.0999005760059
4 48 0.109424930959 0 0 0.111389608659 0.112293520589 0.108039458937 0.106785744324 0.109224746433 0.108874638749 0.107784526647 0.116623424085 0.108197979306 0.110953927032 0.107211109681 0.108628640414 0.109678308936 0.10954118031 0.108844844358 0.108710638388 0.10777675958 0.110933282141 0.109833249712 0.109995786596
5 60 0.125479254138 0 0 0.128623145435 0.129295921987 0.124487202856 0.123026321857 0.125729691442 0.127685756595 0.123870000752 0.135701455691 0.124343636626 0.128965309824 0.120447846322 0.123556059294 0.12697500132 0.125073471884 0.123967715134 0.12416597919 0.123441589151 0.127408920211 0.126130752712 0.125967490666
6 72 0.140773823667 0 0 0.143979223519 0.141733923676 0.139892218477 0.137047986916 0.141419693414 0.143887415702 0.138562908801 0.152960959381 0.139494309225 0.144476227941 0.135138618178 0.138317301659 0.142477467189 0.140139189238 0.138226850425 0.139097568917 0.138693226167 0.142413604993 0.142554936988 0.141290874197
7 84 0.15838886135 0 0 0.162051000801 0.158587374098 0.15806391967 0.153749914497 0.157566255268 0.161686863097 0.156090415782 0.172590621604 0.155185065953 0.162770633134 0.151654822115 0.155169696039 0.160462335666 0.156767360837 0.156015937683 0.155767066482 0.15667121903 0.161030472693 0.163370170862 0.157398183233
8 96 0.175167794069 0 0 0.179181958674 0.175314445676 0.175522618304 0.168978013582 0.174378345428 0.177697047914 0.172994314361 0.191022820233 0.171912375449 0.178513838638 0.167327101959 0.171703097921 0.17532194665 0.175313089519 0.172510876683 0.173561209489 0.172771915128 0.176965703701 0.180569877068 0.173538204699
9 108 0.19602617059 0 0 0.201113390079 0.195213388555 0.196088519685 0.187651074711 0.192941011741 0.198233369499 0.194064642177 0.216215237437 0.192323969543 0.198292948562 0.187609033167 0.192052498261 0.195356059717 0.195647937116 0.195746870718 0.19472618585 0.192592044545 0.198036303012 0.201874013907 0.194358061529
10 120 0.220470003444 0 0 0.224530853316 0.219099475158 0.220699569217 0.211009448583 0.216657411076 0.222683117685 0.219735013551 0.242713163324 0.216596540473 0.220542956372 0.210008243709 0.214455567773 0.219936914768 0.218852457252 0.219356085647 0.219603865567 0.216674879045 0.220534662228 0.226891679794 0.217406650001
11 132 0.25197707715 0 0 0.25756428709 0.250232879749 0.251788470985 0.242203015583 0.246326632208 0.254610776321 0.250278326607 0.277400697398 0.247059772936 0.249529298447 0.239235408811 0.244825627583 0.25118556481 0.250271795698 0.250551528142 0.25149135389 0.247177751 0.25150086306 0.259565234549 0.248207580515
12 144 0.28793489313 0 0 0.295446323606 0.285742615607 0.286996383283 0.276797950184 0.27820899678 0.290722857829 0.284661440942 0.317609488054 0.282094097792 0.282338498108 0.274505920191 0.278967732397 0.286988352804 0.285851190049 0.282858574782 0.285393638657 0.282148398721 0.284955166268 0.295360146759 0.281643230126
13 156 0.331613867026 0 0 0.339079682244 0.331887935243 0.331417518319 0.318680574525 0.318274101774 0.333341103817 0.3266426755 0.361871466416 0.326084521393 0.32316921142 0.321480152555 0.320061664077 0.328372392798 0.329337840434 0.324164123552 0.330703281432 0.325378412855 0.328728479171 0.33959850227 0.322374038919
14 168 0.367522903627 0 0 0.374757783025 0.366615323082 0.368108920308 0.352543266452 0.350121751026 0.371216715361 0.362597363123 0.399077838741 0.357297657971 0.358114009206 0.356054091127 0.353746038611 0.36346006043 0.365896936856 0.359598451832 0.368739157337 0.36202355421 0.362233110698 0.377625873794 0.35524483099
15 180 0.407603293634 0 0 0.415474616686 0.406028121267 0.407579624005 0.390893757852 0.388212540496 0.409940024631 0.402994959011 0.444413236658 0.395876905778 0.396338503603 0.392128681255 0.391904959472 0.40300701342 0.403696416412 0.398270065455 0.408430602482 0.397029068297 0.40262054307 0.416892384324 0.391214545849
16 192 0.45729788378 0 0 0.462937601383 0.453469327347 0.456277914091 0.438919000279 0.43620417765 0.459933131176 0.452980575299 0.500251148013 0.444246821026 0.446547154549 0.438776890966 0.440059108692 0.457581525306 0.45077969298 0.443325132389 0.457273547184 0.446455286821 0.443546668497 0.470807962622 0.437735307244
17 204 0.525598032982 0 0 0.531499098963 0.519786199668 0.523007370547 0.507675204552 0.501478401498 0.525037128509 0.520018656693 0.583133558915 0.511450889153 0.506257081764 0.503536827195 0.499150320652 0.530265107235 0.517431059731 0.50828096685 0.524165437296 0.511339198265 0.503476700211 0.545284728268 0.501976908283
18 216 0.58083847122 0 0 0.585380541738 0.575392116098 0.570862494844 0.555166342765 0.551224528298 0.584127691915 0.572678737794 0.645476083652 0.565132170415 0.563211694896 0.550147461198 0.551365910155 0.58796843822 0.56567576115 0.560259655861 0.579032057487 0.565643830867 0.556422305852 0.601743645441 0.55540166082
19 228 0.640804048317 0 0 0.646191034334 0.629603992601 0.62038339269 0.613037365629 0.60735091826 0.639188319779 0.629283438845 0.713071513858 0.623801567604 0.619134366358 0.603549937283 0.608723142786 0.650543369933 0.620871563551 0.614748025771 0.641693911294 0.623363148843 0.613069288413 0.659948611137 0.613340339334
20 240 0.711377711645 0 0 0.714508313439 0.691764086852 0.686685659864 0.679586849555 0.673625571946 0.714256081157 0.695777868611 0.78411634496 0.686133880968 0.689544003778 0.665936837898 0.679010534716 0.719078453733 0.693357222162 0.678162882312 0.712977357014 0.68871792837 0.683512935749 0.727611737225 0.67954840325
21 252 0.796832559618 0 0 0.799289843881 0.774166589675 0.772290630463 0.763450318379 0.753749844558 0.794416101866 0.774408206003 0.882294635305 0.764519818341 0.768529932791 0.748400474264 0.757343820988 0.802664968433 0.775451050063 0.749200026015 0.801746088594 0.770746741049 0.770015509148 0.806484320134 0.760533253726
22 264 0.933880219814 0 0 0.943293306366 0.907110744769 0.909049786966 0.883637889172 0.881016070858 0.939321958182 0.910411638204 1.04144406584 0.894153258378 0.898132169077 0.873755329051 0.884297413111 0.938718846189 0.902911607348 0.877511409822 0.939249233605 0.894611436695 0.901558605743 0.946316306821 0.892839931377
23 276 1.08331848479 0 0 1.09650375741 1.04488853711 1.05388947561 1.01900152899 1.02048050036 1.09114242321 1.05078495471 1.21103831689 1.03189772763 1.04156506955 1.01031581107 1.0246570809 1.08888777948 1.05416686188 1.01864772649 1.09087303561 1.0339890133 1.04486388331 1.09945398909 1.01916162091
24 288 1.26128895195 0 0 1.2694364167 1.2199002251 1.224492069 1.19119781432 1.19043675931 1.27725988121 1.23481638756 1.38604925809 1.20215632669 1.22883287427 1.16993636295 1.19353423092 1.2694059512 1.22646288397 1.18591767945 1.25056545592 1.19683385948 1.20933449736 1.27043113211 1.1858652018
25 300 1.47185997896 0 0 1.46478033726 1.42272042407 1.42381388818 1.39102406458 1.3764884171 1.49466397382 1.44213308203 1.61591210123 1.39915008575 1.43728761896 1.35495324225 1.3889336385 1.50091536039 1.43928486498 1.37571171564 1.45301506377 1.38855810336 1.41067539455 1.49063038234 1.37707434252
26 312 1.67384850504 0 0 1.66276407612 1.63026536436 1.61318937821 1.59515183134 1.56296984457 1.68939974025 1.64792635675 1.83657479439 1.58859258882 1.63891902822 1.54082434472 1.60516712185 1.70348559465 1.62453360628 1.55019323427 1.64314398569 1.57401028171 1.59256027621 1.69401169824 1.54286880608
27 324 1.88221332091 0 0 1.84608956714 1.82651569729 1.8051895318 1.7967965515 1.75426367649 1.8985915252 1.85374799123 2.063135095 1.77227590906 1.8337387602 1.71679655375 1.79686734422 1.93913148902 1.82666079636 1.74452697024 1.83124444793 1.76301580545 1.79582421892 1.90658225839 1.74298653503
28 336 2.05268336596 0 0 2.01471257097 1.98599442232 1.97982029369 1.96276334715 1.90831213026 2.07844260555 2.0190299272 2.24850402002 1.93849253549 1.97650897098 1.86153827199 1.94793992463 2.11139209457 1.98953524024 1.89126745573 1.99074157636 1.92698558482 1.96126063049 2.05616511805 1.87788037569
29 348 2.20859090987 0 0 2.18280991763 2.1345980764 2.13502847529 2.13107311524 2.06167637275 2.22914164834 2.17561351887 2.41766627075 2.07264418532 2.10704777892 2.00509552472 2.08853458852 2.27391834901 2.12403475017 2.02661566184 2.10060108068 2.06847767037 2.11094954224 2.20880048826 2.01096068058
30 360 2.37197366265 0 0 2.33725908948 2.29126724004 2.29031951657 2.29111950825 2.21029259546 2.39972780342 2.33105761299 2.59093636225 2.23164465659 2.25559879094 2.15680385 2.26052452851 2.42410119469 2.27769897052 2.15908911895 2.25912161238 2.22811752472 2.27063716988 2.41008005106 2.14195922214
31 372 2.66915332695 0 0 2.62717994963 2.57254259822 2.60773043523 2.60827567744 2.47534072781 2.69452898131 2.62407890704 2.88104844408 2.48432514458 2.53427209157 2.47620173291 2.54523628156 2.73614011408 2.55418630201 2.43213113759 2.55305076299 2.49637957352 2.59080910424 2.75185830955 2.41690080732
32 384 2.82060006561 0 0 2.80269684164 2.71655059135 2.75674687704 2.75584267375 2.59004263204 2.81474349005 2.76156335768 3.00076625303 2.64337642271 2.65645552411 2.60408666556 2.6911933584 2.88287984775 2.70604684147 2.5824734581 2.67244719286 2.64116341859 2.74171692987 2.91266316916 2.55550020951
33 396 2.99802944189 0 0 2.97862037624 2.87712432741 2.92439193355 2.93181435027 2.75563543304 2.99089398626 2.94336608103 3.20063049789 2.77926848412 2.81426460303 2.81846255926 2.8818262228 3.05246372334 2.86808921327 2.7415623584 2.86707435876 2.80050359428 2.88369967122 3.09270609539 2.73803494806
34 408 3.22513789373 0 0 3.17385474577 3.07421679485 3.15594515145 3.09374832061 2.99023980075 3.22053709198 3.17278521477 3.43165499369 3.00731201845 3.02145283586 3.04453129845 3.07813812605 3.28148939027 3.10736102606 2.93223276908 3.1101781229 3.07613613922 3.09555951646 3.34899399884 2.9550813364
35 420 3.37320084555 0 0 3.30241628284 3.22667510084 3.29099193117 3.22798847284 3.10619822213 3.35020572636 3.30702559196 3.58609116298 3.1457192477 3.15182135398 3.19543346867 3.21523742962 3.44799713674 3.25617528547 3.07411824739 3.24422424706 3.18778768792 3.22627707525 3.51226816156 3.10687592262
36 432 3.53131908326 0 0 3.44351337672 3.35758100199 3.43934397101 3.36979597246 3.2505397919 3.49255615395 3.46297102243 3.75352701511 3.28918463882 3.28306310992 3.3330764565 3.38816618576 3.58618321691 3.3979823397 3.23108311157 3.43198372116 3.34027086677 3.3865392583 3.69123362214 3.20487293855
37 444 3.75059519648 0 0 3.69144108976 3.56316508598 3.66979301426 3.55434288678 3.42544394782 3.67990992263 3.68933625587 3.99445005885 3.49563487361 3.49389742846 3.54363796482 3.64636368812 3.81129293182 3.62854761007 3.46225263634 3.64892893881 3.56113917664 3.59926014711 3.90981198474 3.39171883005
38 456 3.8367966054 0 0 3.79536263113 3.6357464763 3.75829405768 3.64453004612 3.50508799575 3.74778470757 3.81749738275 4.07820981717 3.55211434635 3.56503978656 3.61306207743 3.72225937036 3.95654375375 3.71170763297 3.53702380706 3.71262381844 3.64369628665 3.69038617609 4.0487888263 3.47623120481
39 468 4.05214619681 0 0 4.01112292953 3.85142074431 3.93581225504 3.83236280132 3.71631145585 3.91280228521 4.01792558933 4.31500567424 3.7641592828 3.75613586849 3.82312400978 3.95879027932 4.13234396151 3.92845068856 3.70389277524 3.96606063163 3.87074411112 3.9298832724 4.35474908794 3.65580881303
40 480 4.20281262746 0 0 4.15587357424 3.9912860933 4.0833510682 3.95666753427 3.85900114077 4.02780865234 4.16243461802 4.44161134746 3.90878209568 3.89595054053 3.98870300266 4.12482151648 4.23966492601 4.09968896974 3.85977451043 4.15309002863 4.06753624944 4.08637855981 4.49290994035 3.79575821599
41 492 4.4093942692 0 0 4.32766493806 4.18533547646 4.2748169067 4.18891661772 4.06942471879 4.18755109094 4.36907246754 4.62471884802 4.15987556566 4.06293073555 4.21162696624 4.35454214255 4.49703483989 4.2928794496 4.0640168369 4.37080346947 4.28835127989 4.32801547714 4.7584914476 3.97634767891
42 504 4.64495384049 0 0 4.56546141622 4.41386038216 4.48565486204 4.41517542611 4.28157033994 4.42818934026 4.58456031693 4.87477106986 4.37228217883 4.28162610521 4.46993165847 4.55712132979 4.74834469001 4.58762349114 4.30535714939 4.67495309089 4.49264010739 4.62870388775 5.03713499334 4.17351574641
43 516 4.95400956334 0 0 4.86330443122 4.75153295486 4.76700984286 4.71067575788 4.57220109139 4.7393920549 4.92897528328 5.19949989213 4.63558010802 4.5620136845 4.84939533833 4.94144793046 5.08268137187 4.96167023912 4.56471761552 5.0058943935 4.82347011776 4.95752215724 5.3405079965 4.45669519887
44 528 4.97874980103 0 0 4.84275508686 4.77001279156 4.79601103738 4.73956590555 4.61587219689 4.78236853928 4.96141083176 5.21386170972 4.62467910075 4.6153971442 4.86104063057 4.98393977024 5.19737030064 4.98054002978 4.63322651677 5.03563761995 4.86939238452 4.9956213211 5.33296246397 4.46211954477
45 540 5.05268359262 0 0 4.94931942129 4.85734214717 4.87768910623 4.81583352673 4.70294602723 4.83111946808 5.01879200813 5.28711149365 4.64411733572 4.69039929498 4.97526079076 5.13334161872 5.27842063024 5.10419001164 4.67031921492 5.1281795653 4.95969319299 5.00054106039 5.40073094308 4.53166601808
46 552 5.12966333837 0 0 5.06844644345 4.91927297262 4.96074838931 4.84510379501 4.77218282724 4.90086954816 5.07244744949 5.35049690598 4.68630804804 4.77144675264 5.03383127999 5.27822021072 5.39379018263 5.18715120526 4.75722903678 5.22225221117 5.0102493468 5.0662076962 5.55385758306 4.64680806133
47 564 5.2433892398 0 0 5.17128807928 4.89671748063 5.03388129723 4.98379590596 4.91598555981 4.99181969817 5.20208140316 5.46089775018 4.7864834794 4.89051886979 5.14419735735 5.43231727965 5.53027962822 5.37589746557 4.84216475228 5.32813074597 5.11261529446 5.17220660723 5.70135265216 4.82817902252
48 576 5.48975769258 0 0 5.46316494263 5.17832995079 5.37691709296 5.17621347213 5.20878905602 5.23144854069 5.42318450453 5.70816524439 5.0043632844 5.09377214432 5.36390965047 5.68407677619 5.80742749257 5.70766273875 5.0449484671 5.53911810502 5.34409559834 5.40900243008 5.94194331788 5.12579638064
49 588 5.66906334635 0 0 5.70975230774 5.28335079284 5.66163543977 5.35976943872 5.38004905954 5.36524988774 5.58228767087 5.84347334735 5.15108509672 5.27463904588 5.51938051618 5.87027943216 6.08243799639 5.94200611144 5.17822662055 5.65762993565 5.52540882886 5.56474474716 6.13471710915 5.33648428013
50 600 5.75756119143 0 0 5.77311911353 5.38244141397 5.80179661928 5.46219657995 5.42692191002 5.44981050845 5.67840426156 5.92586832031 5.21433060034 5.33618555244 5.63490079577 5.99645851486 6.20047151463 6.08616723379 5.21767157144 5.73278522082 5.55231171654 5.64223183654 6.2242304115 5.50994899445
51 612 5.71228851145 0 0 5.72272124356 5.35441446522 5.778248398 5.45390291992 5.36081329338 5.35528451399 5.63866909471 5.85822738233 5.20132201954 5.26449242761 5.54020343028 5.98920186186 6.17069184145 6.0575357526 5.20023018143 5.70134405761 5.50174263175 5.52638390783 6.15281898988 5.49450354201
52 624 5.71979004616 0 0 5.75296587344 5.41555087289 5.72280868018 5.45381487251 5.35019588146 5.36067001328 5.5958939797 5.84518609616 5.25409411278 5.29125071234 5.50226595604 6.00587997538 6.14346759956 6.07758228093 5.18389659334 5.74237866822 5.44855330927 5.54870537307 6.13750040976 5.50238231418
53 636 5.81222242197 0 0 5.81271728631 5.60300682565 5.76803597856 5.52671044702 5.43945458157 5.43758361521 5.65102820393 5.92637313475 5.36138428105 5.33333628696 5.59264337254 6.14738080189 6.19988066642 6.19861941596 5.27260296436 5.8407719364 5.52757400183 5.64926030072 6.24330948006 5.56177625904
54 648 5.78777685054 0 0 5.76633916515 5.58634963482 5.74952557116 5.52514638264 5.41332505972 5.40766930179 5.58653574239 5.80822859756 5.34625483544 5.32983487853 5.61933355425 6.13311274732 6.15434875931 6.15094828894 5.24147593654 5.90381599619 5.45968321894 5.59354648182 6.12354005407 5.53579324179
55 660 5.7969259992 0 0 5.77602838496 5.59858987558 5.77515080047 5.60608968766 5.37561505935 5.4360064443 5.54831058744 5.75792676591 5.35986898303 5.35565526205 5.58507250553 6.11672814908 6.13617399119 6.17796581882 5.21542447906 5.91759850472 5.46078555395 5.63773949982 6.1254931249 5.55483857803
56 672 5.81773757761 0 0 5.7156958617 5.57301096336 5.7989481483 5.64763071501 5.38806162101 5.43401662361 5.54795849178 5.73564204979 5.40790035293 5.37296841818 5.60510452193 6.13385284328 6.18961611254 6.1988134338 5.24786120901 5.94089652843 5.50220184716 5.62107324935 6.10862463562 5.57703392828
57 684 5.7870204149 0 0 5.68308181178 5.58060891783 5.81026594103 5.60360352303 5.34411383543 5.42195852946 5.50208399352 5.72858036833 5.41903106234 5.33410786326 5.55377730443 6.08976846985 6.20015606932 6.13221356746 5.17547116449 5.94777880567 5.44200565492 5.57123359029 6.06553451705 5.49756017736
58 696 5.76760095592 0 0 5.64331168873 5.579245032 5.8910446999 5.67236240087 5.31572968454 5.42020074473 5.4669819245 5.7146531537 5.35892830154 5.27594037997 5.49745427178 6.04661655701 6.16622062255 6.15234228175 5.14048166347 5.90051700688 5.41223813528 5.4283425544 6.06633931534 5.47965464812
59 708 5.70597040593 0 0 5.61489923382 5.49726943961 5.86696861209 5.65969265971 5.26302460374 5.31807733205 5.35082442768 5.60576679684 5.33845122265 5.26333243756 5.45555987046 5.99429757909 6.10854260214 6.07169674262 5.12437561872 5.78113374308 5.36012319664 5.30049757013 5.95931251149 5.42403380492
60 720 5.5611392978 0 0 5.48421071777 5.37773257422 5.75078837711 5.51920569534 5.11467870562 5.18171880991 5.20267852299 5.37262135328 5.19376075449 5.09568725207 5.30686568833 5.83350243444 5.89456406692 5.94121431592 4.96903377046 5.61438640553 5.19614748516 5.15343433919 5.76126017086 5.26192118603
61 732 5.35410769913 0 0 5.30470618871 5.19832735045 5.55001568181 5.31763014082 4.91717611097 4.9791123234 5.02278340529 5.18864743117 5.01470018174 4.91975836743 5.09053895854 5.57861332681 5.67945009538 5.73433661806 4.76599714197 5.30553737921 5.00031570008 4.88246152523 5.53383436088 5.03930926387
62 744 4.99100242879 0 0 4.98346267557 4.8356780605 5.1620861175 4.96674678324 4.57517103471 4.64519625012 4.6611200739 4.82659165574 4.61485706362 4.58214556218 4.73165899527 5.22870602858 5.2798950779 5.31211628007 4.44800800732 4.94583971389 4.63038140772 4.56294864163 5.15360781679 4.68789330903
63 756 4.85226973281 0 0 4.82996232948 4.67195318037 5.0276090227 4.81469067079 4.42726030889 4.54984456979 4.5155390394 4.70935885328 4.47858488104 4.41871244656 4.6473611044 5.04297272432 5.12967110783 5.16205293354 4.32209351101 4.84670031475 4.48271344135 4.416962445 4.98781019101 4.57251986407
64 768 4.85752315299 0 0 4.84417927346 4.67397849383 5.03763014843 4.81819846213 4.42910794772 4.55842328284 4.51205194169 4.70170321267 4.44598563426 4.47166625954 4.6614346011 5.08028445359 5.10760907769 5.18175651429 4.27173202235 4.84725187005 4.50133785555 4.40770417486 4.9712182829 4.57890517827
65 780 4.82574508374 0 0 4.85924930887 4.66516447172 5.02684566839 4.75993830769 4.37690647429 4.4646120154 4.51117682685 4.68374890405 4.42643893743 4.42639842585 4.64052018023 5.07544284608 5.05687034984 5.13453811158 4.26829835784 4.81316214341 4.45249861567 4.34531531846 4.89003402348 4.55845117842
66 792 4.81196999081 0 0 4.84906661899 4.63886564776 5.02174253769 4.76442196384 4.35813936745 4.45215959399 4.46670682349 4.6090132739 4.40805378443 4.43912524125 4.63325737027 5.06927471232 5.0190697847 5.17013230196 4.26123593064 4.78351178976 4.46398819438 4.32745304942 4.84044239494 4.56587141415
67 804 4.85874827353 0 0 4.90707834538 4.68896435953 5.10296238011 4.81973856566 4.44786867142 4.51295088318 4.51144675048 4.65076162227 4.44880446284 4.54797854686 4.66135913903 5.15418387332 5.10242105709 5.22828518195 4.27736199305 4.7731314833 4.50101217751 4.37355725867 4.82154596885 4.55981761704
68 816 4.90995211167 0 0 4.97183703109 4.74675703707 5.18806700153 4.86073742122 4.51594238283 4.56203095337 4.52034858695 4.65637988599 4.52267502775 4.60924992661 4.69668002013 5.241655008 5.14440772715 5.26673266523 4.36538786705 4.82365422019 4.53447446078 4.43731610525 4.88614753778 4.63678999323
69 828 4.87795923406 0 0 4.96135844773 4.71240040693 5.17213909123 4.89359372482 4.50595537975 4.5523659623 4.47758325223 4.59022349678 4.46996247661 4.58700994238 4.66648746965 5.17611750764 5.08178264492 5.26961528074 4.3407386003 4.75681300637 4.50176354966 4.41366565661 4.80834110816 4.61958694464
70 840 4.80952411609 0 0 4.91787825495 4.64800886025 5.15987554633 4.846145711 4.47001146486 4.48178012289 4.38751189336 4.5338541576 4.3923667351 4.54950341357 4.63329883667 5.07222399079 5.01123709743 5.19102534558 4.24308259031 4.6337177147 4.40160760732 4.37099459761 4.70823351474 4.53776351221
71 852 4.72033017854 0 0 4.82841140106 4.51279807904 5.0535657221 4.80198366952 4.37162048384 4.38461040392 4.31775621953 4.43832425073 4.29918081291 4.47246021077 4.53741753036 4.960934643 4.90303865554 5.10501577069 4.15439907364 4.54512212878 4.3383031656 4.25822662546 4.6289830386 4.44546855545
72 864 4.60742850704 0 0 4.75210343774 4.43155390012 4.94333384792 4.70517446025 4.28148694728 4.27311889433 4.20941531999 4.30519026016 4.19426642658 4.35493755142 4.46795748936 4.81940785477 4.84300835204 4.9811208896 4.01594633207 4.41032686783 4.22505617108 4.1275030536 4.51687400651 4.33329965395
73 876 4.38689725294 0 0 4.55684316382 4.23421455927 4.72914857591 4.45547369525 4.0964777891 4.01137149904 3.99300611642 4.083642531 3.98794517022 4.14449102149 4.238675429 4.63655843409 4.60131422067 4.69836419362 3.816525814 4.19137882773 4.02327573633 3.88930466166 4.28703072683 4.12428301045
74 888 4.19690363396 0 0 4.33087223698 4.05391892295 4.52815615546 4.26412097086 3.92814783595 3.8057484496 3.82880289595 3.89688349371 3.80568149709 3.93459444117 4.06019041161 4.47637706486 4.39901818675 4.49368551978 3.64991472908 3.99508822164 3.83332045697 3.72747664355 4.11212046263 3.96903331846
75 900 4.12330703897 0 0 4.2944163238 3.93991468269 4.44057522583 4.19078557245 3.81997040759 3.71029070742 3.79522041269 3.85511808678 3.72818154459 3.86679326613 3.98832785659 4.44291029765 4.37222075803 4.39508145369 3.57986006096 3.92616337884 3.75717075267 3.64774505546 4.03119425505 3.8839891493
76 912 4.07203302705 0 0 4.26568244713 3.90506567039 4.38266016362 4.1190759656 3.74880885624 3.65069739599 3.74935045926 3.78120460844 3.6877990331 3.80358777451 3.92226490119 4.39798472797 4.35444001166 4.326898474 3.52109128255 3.85078547488 3.69708528043 3.57547052099 3.95560995792 3.81455964946
77 924 3.88504523919 0 0 4.07637496098 3.69296554481 4.16500819743 3.90019087778 3.54993283539 3.46616721128 3.60365130286 3.59981768017 3.50961209167 3.63048771747 3.74876177729 4.20322340188 4.1554854766 4.12052178429 3.34349927107 3.66292619616 3.51521205138 3.36656086564 3.76168276565 3.6191655713
78 936 3.69513112763 0 0 3.89474788777 3.51868152376 3.97077916006 3.69929985269 3.37751730873 3.28882976465 3.43281490497 3.4275495187 3.2845117363 3.44953961178 3.59122267237 3.99028771459 3.95869962901 3.90199241097 3.15776309148 3.49233739419 3.33539519667 3.17409920925 3.53695247612 3.40197133466
79 948 3.59095926681 0 0 3.7682020515 3.4411045089 3.86027982026 3.56607691231 3.27948679692 3.1917832498 3.3025411716 3.34206486249 3.23109326423 3.36617480615 3.4747948794 3.87424509956 3.89481172002 3.79328351671 3.05572941142 3.36723344407 3.24199639821 3.07655630159 3.40552586826 3.33259841009
80 960 3.42796898098 0 0 3.59009097408 3.28202946555 3.68207859074 3.40232483173 3.12004361495 3.03554789858 3.14420806004 3.19291282415 3.08398744044 3.20682672469 3.30480636244 3.63652263237 3.71026410153 3.6291593416 2.92207095699 3.19237640289 3.08712009559 2.90956534616 3.2483908884 3.17320344002
81 972 3.24638215454 0 0 3.38321653229 3.11989687023 3.47267063303 3.17586065451 2.9375430984 2.87109097598 2.98637188566 3.05153880771 2.94165902732 3.04410140227 3.09647659524 3.46212040424 3.52224052094 3.43923296323 2.74895616233 3.02640559224 2.92065135308 2.75794228186 3.02741772093 3.01012658732
82 984 3.1511410551 0 0 3.26522355091 3.02518368208 3.38043142602 3.09332285145 2.84188899403 2.78656100036 2.86705200579 2.94095595231 2.83253723616 2.92721608234 2.99786755968 3.37228633869 3.42285663923 3.3455038284 2.68250346135 2.94521438646 2.84902220012 2.64498036257 2.93447217832 2.95342360943
83 996 3.17155432457 0 0 3.30112163294 3.06909432037 3.40081657637 3.1003169733 2.86221158748 2.77402014784 2.87834343237 2.96196341845 2.84553677277 2.95373714166 3.006745203 3.36528936733 3.43446731277 3.38739769657 2.70697993248 2.95032758471 2.88588421426 2.68062980803 2.94230498411 3.01227025152
84 1008 3.12850768704 0 0 3.24288877141 3.02887729935 3.34518402122 3.04879678025 2.8370460657 2.71439085389 2.84260542225 2.90354718018 2.80318763137 2.9116500326 2.97534776566 3.32318071259 3.40339856813 3.34666802513 2.66425201723 2.91946736276 2.83970351314 2.65130651654 2.87341757837 3.00792548076
85 1020 3.02744705624 0 0 3.11010728491 2.92028467081 3.23255056002 2.95616753249 2.72067609928 2.63064066319 2.73136006862 2.79615579269 2.69764281571 2.80804243521 2.86901889712 3.21779264248 3.29165698499 3.23216377031 2.55896959106 2.83419079208 2.73529264698 2.56558039701 2.78607724098 2.91551300384
86 1032 2.95158646829 0 0 3.03258631223 2.8298056426 3.16074484276 2.8968516416 2.65827147283 2.55368600549 2.67074855662 2.72081181141 2.63997186665 2.71967470066 2.79561446874 3.14063609739 3.1940074028 3.13606363246 2.47713715221 2.76636014107 2.6670571342 2.48749381978 2.71474014488 2.83879209915
87 1044 2.91506712334 0 0 3.00006448238 2.78702817688 3.11694286145 2.85703503671 2.64295520356 2.51136738561 2.63806369667 2.67369190678 2.61587128088 2.66777637332 2.77290357753 3.07479794294 3.13600585187 3.1150567611 2.45144971782 2.71265067118 2.63875738694 2.4597173156 2.71213366282 2.78389782195
88 1056 2.90909287867 0 0 3.02562295357 2.76475829592 3.10855281733 2.8296120443 2.63727317456 2.49653011979 2.62302685859 2.66377342221 2.61051826282 2.65996966385 2.7694318037 3.07573542061 3.12215573018 3.10813369037 2.48218225997 2.71442874916 2.64660618931 2.44336918192 2.71672649501 2.77606031066
89 1068 3.04612821311 0 0 3.17754563733 2.95669046235 3.2749146959 2.96082714907 2.77172596172 2.63023960912 2.73777404507 2.80027747706 2.76010359889 2.77930941268 2.88227699029 3.22351479797 3.26667602127 3.28875289734 2.61686002858 2.85625654174 2.78781273909 2.57498676937 2.84011741027 2.91352475704
90 1080 3.1491640352 0 0 3.25229840459 3.08754644412 3.39172800894 3.05435057347 2.86955225801 2.71927087347 2.86100400802 2.89395044241 2.87607302407 2.88355875126 2.96408787143 3.33262831045 3.39717713321 3.42746172997 2.68310313713 2.94824410288 2.8865660949 2.66925619262 2.90084942478 3.00160172706
91 1092 3.26235384038 0 0 3.36978280124 3.23903752886 3.51038650131 3.1582028555 2.96360381755 2.81357482716 2.97090588294 3.04804856644 2.99978242478 2.97922968286 3.04412010894 3.44706452517 3.47960512664 3.58155411406 2.7905286657 3.07641284138 2.98743377258 2.76577101324 3.02820093581 3.11842231228
92 1104 3.37875463587 0 0 3.49828112518 3.3327265919 3.64253792541 3.26001717574 3.05414425791 2.90980549192 3.08925893481 3.17177178327 3.13632378001 3.09923216799 3.14045717388 3.56849611365 3.60869900122 3.7199561653 2.90999988585 3.20346448955 3.06499111374 2.87275164399 3.14658663234 3.21495900837
93 1116 3.36368393851 0 0 3.45032534222 3.34001509026 3.63400841238 3.23511717902 3.02404079974 2.87951160103 3.06310860453 3.12092764932 3.15316892553 3.07127275709 3.11981733212 3.60042917676 3.57665447495 3.70715302724 2.93290491195 3.19643039463 3.05571891433 2.88044981634 3.12094519598 3.20815758732
94 1128 3.48092172695 0 0 3.56431045511 3.45669001696 3.74602916365 3.36727248213 3.11768339424 2.9640128597 3.22819621631 3.2215547995 3.3003291383 3.17561455993 3.2190166169 3.7239986777 3.73031726266 3.80422805384 3.124277966 3.31326051359 3.15989333193 2.96663934178 3.20331367007 3.32788546048
95 1140 3.57734663203 0 0 3.66204179175 3.53955567195 3.86997871537 3.4366898184 3.19970573151 3.03911169118 3.32379709415 3.30859045402 3.44359120368 3.28764215889 3.30950358789 3.81820009226 3.8750587818 3.90487623033 3.24465503946 3.38899948701 3.24184239852 3.02619418792 3.27085267933 3.38845121401
96 1152 3.51902585631 0 0 3.60353214781 3.47216515894 3.78736880708 3.36988198156 3.12754928721 2.98564539521 3.27164885542 3.25746388107 3.4120308513 3.23121693023 3.24959561149 3.73822567763 3.82671143026 3.88647479233 3.18663807498 3.33900815961 3.13741549885 2.97150331034 3.23277990178 3.34702511751
97 1164 3.58855651812 0 0 3.71985292576 3.5723012287 3.82857388772 3.44843130899 3.26543151911 3.04320018816 3.31967165087 3.30803944899 3.47175915495 3.27442883324 3.32360697197 3.80782872939 3.96505306077 3.98426649962 3.23974835174 3.42331793307 3.20661838654 3.02234656088 3.28887615774 3.39505564022
98 1176 3.65160257394 0 0 3.80292578761 3.66726507373 3.9044653351 3.51464768585 3.33717996876 3.09807152269 3.36736644506 3.37979071159 3.55448811628 3.34436724696 3.37602538707 3.8564985284 4.09908245798 4.02199739422 3.28910546527 3.47522796812 3.27349374262 3.06470349203 3.3209343292 3.45690907455
99 1188 3.63271509917 0 0 3.79572071888 3.60432216065 3.86969420018 3.49638737736 3.35258077339 3.0773584661 3.34453631884 3.38596392818 3.53110100049 3.325563915 3.34994225547 3.83704549798 4.05910882781 4.01465698293 3.26715335718 3.46388915277 3.24720699699 3.02413037547 3.31621846133 3.45994812095
100 1200 3.71336656674 0 0 3.88029500372 3.66804028723 3.99654545031 3.6110094448 3.43573787703 3.1586317618 3.4404058419 3.4480727168 3.64080778914 3.41668123688 3.43567820123 3.91600397462 4.18000614684 4.13993387722 3.33865508418 3.50789133306 3.34951830859 3.03683836036 3.37091012417 3.5650803896
101 1212 3.79746760148 0 0 3.95013674607 3.74820021987 4.09066873485 3.6602880918 3.50183809841 3.22568204597 3.50821829163 3.51713790099 3.77481695385 3.52871345698 3.49156108209 3.99148478567 4.27554889168 4.26219012671 3.41657167087 3.60934443574 3.47923388003 3.13755727157 3.43304104997 3.64726048621
102 1224 3.82176856116 0 0 4.01208073335 3.77491404127 4.11931659777 3.68387551372 3.52177199789 3.22453963958 3.5446902028 3.57560980121 3.84907008435 3.58006318965 3.48041916952 4.0195262497 4.33426414719 4.28210728219 3.39666540546 3.65041408352 3.52169074713 3.14766888898 3.44281769678 3.66779241488
103 1236 3.81721717335 0 0 3.99000048713 3.77118917763 4.12071065687 3.68630108135 3.52615073506 3.19860874115 3.53063524367 3.59211303004 3.86255101548 3.57646070249 3.46468514297 4.03401190654 4.34822047351 4.28224252844 3.38090286352 3.65673433007 3.49383829756 3.12984052055 3.42908740551 3.64419899397
104 1248 3.72991035041 0 0 3.87121574045 3.70442190811 4.01956084332 3.61418574336 3.48286184863 3.11723780973 3.42933754345 3.51531585812 3.80661200789 3.49087193767 3.37306713145 3.93945030921 4.21274507316 4.20707279951 3.29854427431 3.58813376732 3.43593773396 3.02747773214 3.32992526696 3.56655326742
105 1260 3.60051395902 0 0 3.73186523577 3.55716129587 3.92114876402 3.50177777192 3.34457462165 2.99787460359 3.28957960833 3.39921435105 3.65283408336 3.36221696907 3.24660227872 3.81342693011 4.05958135506 4.09403761866 3.17625346552 3.45186946324 3.29148038954 2.94089165929 3.19748767936 3.40596814933
106 1272 3.39151798608 0 0 3.52247986814 3.39722965986 3.71519782156 3.29724931946 3.13549351015 2.80533437773 3.08724128393 3.20794550502 3.43074280337 3.16324474072 3.05236455133 3.5822730615 3.82127545988 3.84048547663 3.00684802312 3.24585704522 3.09120549136 2.75938553669 3.01592941298 3.20126964103
107 1284 3.30599754358 0 0 3.43528592451 3.31291983413 3.62345424865 3.22293327003 3.05879974419 2.74497970624 3.03896137921 3.13613001081 3.35586955415 3.09531267571 2.97563923109 3.48255137506 3.70516599648 3.72494952579 2.94362905857 3.18168332959 2.98248444325 2.65488083552 2.94893356449 3.11350516722
108 1296 3.28760469501 0 0 3.4108707265 3.28928454965 3.62735091085 3.22334895795 3.06519877821 2.75058880268 3.0174336216 3.09142662846 3.34527850985 3.09638430397 2.92925470648 3.46726563835 3.66999668277 3.699373223 2.92338946424 3.12851702027 2.95723896717 2.63401110085 2.93083839342 3.09496932773
109 1308 3.21645668687 0 0 3.32733652794 3.23213249964 3.5367580963 3.17036745975 2.98296330782 2.69576136345 2.95155683776 3.04073818088 3.25372280936 3.02309506919 2.88347039819 3.39785342868 3.59012550003 3.6594710806 2.88359750035 3.06577695351 2.89848360415 2.56832960145 2.84336209797 3.00697826164
110 1320 3.16910647527 0 0 3.28411230422 3.19303946433 3.48647947577 3.12973342665 2.93033342642 2.69266257439 2.91277816249 2.99947170515 3.20235850468 2.96775047396 2.83032047108 3.37042040139 3.5600435943 3.64593133653 2.84294293914 3.01786803919 2.83378938151 2.53035926244 2.7825774183 2.95739008467
111 1332 3.15041401344 0 0 3.26532009383 3.18342466073 3.45763955211 3.09085725009 2.93278724569 2.7211767372 2.91533180668 2.99218241064 3.14236794931 2.95310796801 2.84457696903 3.36637329381 3.53256373605 3.61025269611 2.83364814646 2.99410546025 2.80372141155 2.52536343191 2.77336284091 2.93195155324
112 1344 3.08994235707 0 0 3.197076029 3.13519647622 3.39997868332 3.02543421776 2.87943325014 2.67650728957 2.87548770284 2.92862539888 3.10081573476 2.88202799047 2.79052405768 3.29279410995 3.43724293619 3.53435796086 2.80087529043 2.9405496264 2.7601865457 2.47030049493 2.68166029575 2.87454117764
113 1356 3.04504337104 0 0 3.13696587926 3.09951495619 3.39219978408 3.01811784014 2.8405009988 2.63873071659 2.81016045611 2.86808666661 3.05173360573 2.82925837866 2.74080705257 3.23951018997 3.36788064663 3.49508432268 2.7761777228 2.89318378771 2.73075390886 2.43806399125 2.6358623683 2.82143290369
114 1368 2.95448443497 0 0 3.02607293301 3.01402328051 3.30842400137 2.92984059019 2.75609201509 2.55052030436 2.71829666338 2.76506045024 2.9525479658 2.76935057319 2.66312763199 3.10316814749 3.2714623678 3.36006992855 2.684929318 2.81732790636 2.64673435303 2.34128007226 2.55107649765 2.74637506605
115 1380 2.93478785788 0 0 2.98868278947 3.01918388846 3.31879382666 2.88622469609 2.72667488596 2.53392377742 2.70559254931 2.73814159233 2.92536624522 2.72008006926 2.63720902199 3.0532007494 3.23921983733 3.32404621522 2.71731024353 2.78600685279 2.63240661716 2.36454619317 2.57747254085 2.7346563983
116 1392 2.93541506 0 0 2.99402627821 3.03042790906 3.30395063593 2.87784198204 2.70792469315 2.51857830616 2.72662103034 2.73524212002 2.97036694133 2.76124766915 2.61902844797 3.05637499711 3.23461979169 3.30935455475 2.7246891574 2.77197108097 2.62375614348 2.38735741502 2.59031304919 2.73084640341
117 1404 2.91719166075 0 0 2.97882081032 3.0207256387 3.28360914396 2.85093960193 2.69351173271 2.50500508699 2.72381721429 2.7091515202 2.944661664 2.74416643076 2.58304725978 3.04286586472 3.21687463826 3.26548281164 2.71862868344 2.76077817537 2.59805620727 2.38701854119 2.54832513613 2.69409565186
118 1416 2.92375659305 0 0 2.98778530648 3.03033005887 3.29937390705 2.8610012748 2.66952638777 2.50820691854 2.70517434817 2.71115588204 2.95671759438 2.73731714652 2.57740672514 3.05188701345 3.21569181004 3.26444993425 2.76276453336 2.74393134237 2.62112124916 2.3978042425 2.54900313257 2.6984719345
119 1428 2.88080207162 0 0 2.93164076506 2.99011890447 3.26565058089 2.81416365392 2.63586497135 2.43942786359 2.66210007537 2.66027441828 2.94394357782 2.71963125843 2.54129608965 3.00451286322 3.17639762202 3.20099813829 2.71269240962 2.70164250165 2.57587940214 2.36504406731 2.51924224044 2.66579765333
120 1440 2.81730389081 0 0 2.85395028077 2.9368382659 3.1863180888 2.74826177494 2.57284779187 2.38897838655 2.59865936095 2.61298453385 2.88415022131 2.65998518289 2.49072545432 2.90484896465 3.10693800786 3.12632679903 2.64556018114 2.61519152907 2.52868749163 2.3080312291 2.45885123894 2.6005274788
121 1452 2.7785288458 0 0 2.81512237521 2.89246356461 3.14999002957 2.69766921291 2.54073914818 2.33992103449 2.55588033201 2.58526951317 2.8508400416 2.61254674896 2.45277159841 2.86993292134 3.0591061518 3.06914788136 2.59934253345 2.56615819923 2.5057988506 2.26587735862 2.41421294551 2.56110646694
122 1464 2.68772425371 0 0 2.70534217172 2.81135605792 3.05376258899 2.61814439212 2.4653739048 2.27040174267 2.41663538381 2.49318437048 2.75017648471 2.51787186254 2.37984955389 2.78646538851 2.95608721316 2.98076390773 2.51697734841 2.47275466333 2.42946519775 2.1699237454 2.33368348489 2.4842364648
123 1476 2.5913898458 0 0 2.61071127542 2.69183836744 2.94103946043 2.51882436886 2.3843333805 2.21363709701 2.3588843582 2.4092511858 2.65030441854 2.41260744176 2.29534021616 2.6862904638 2.842179173 2.89397243535 2.42744319698 2.36414046188 2.33772168908 2.06267287712 2.24052393811 2.3946555284
124 1488 2.55785787972 0 0 2.5790004686 2.64034191471 2.91667340997 2.4845535769 2.34887725081 2.19360616294 2.34461466012 2.39561977715 2.58453729307 2.36589034077 2.28866243384 2.68831166754 2.79414047953 2.85738327148 2.39894074185 2.35273705707 2.31397083832 2.04119049213 2.21172910046 2.35527528478
125 1500 2.50274013369 0 0 2.5278691124 2.61300163746 2.87340768516 2.43780244463 2.27347267642 2.10938055551 2.29776796011 2.35747961389 2.53993440898 2.32559333025 2.24548731213 2.63469252178 2.74757071411 2.79700497392 2.36208947376 2.29921526831 2.25819253527 1.99074845656 2.15232470677 2.2980643361
126 1512 2.47625647055 0 0 2.47163093314 2.57591736338 2.88086643355 2.41925062273 2.2497247148 2.09034012963 2.28288984108 2.34771119864 2.52118935799 2.30379275603 2.20228516441 2.61337343687 2.7296618951 2.7866407086 2.34327007212 2.28048348417 2.23114128338 1.94962643522 2.1371379907 2.27893976085
127 1524 2.49872913191 0 0 2.49723975519 2.59686138743 2.91654546932 2.42896392989 2.26680654936 2.1053646565 2.32361739723 2.37322163483 2.49396669999 2.29301885827 2.24363762821 2.680635081 2.74892151044 2.82973988637 2.37310054952 2.29646715868 2.25292965444 1.96774429788 2.17811645234 2.31651638435
128 1536 2.50054475776 0 0 2.48648255877 2.59961046475 2.92858918781 2.44409646503 2.26940210131 2.09978630549 2.36342786608 2.37944679206 2.48910786528 2.29182963352 2.23526748055 2.68175360028 2.76448109654 2.81766988437 2.35765901454 2.30008303128 2.23363430799 1.97737636721 2.17262776905 2.3096808256
129 1548 2.49299081211 0 0 2.45912372683 2.58663857462 2.94447801526 2.44445743645 2.22215664438 2.12199531154 2.37975304809 2.37162815815 2.48435381346 2.27509430114 2.22504718483 2.66769601919 2.75337251012 2.81979237866 2.36026872162 2.29460564994 2.21823084086 1.96908043947 2.14785303361 2.30841065378
130 1560 2.44426204717 0 0 2.41994047453 2.54862223734 2.9117543636 2.41192007511 2.16628095205 2.07695343174 2.34508550923 2.30734342215 2.42406082673 2.23351178323 2.18661500532 2.61245419182 2.68552441903 2.76051732295 2.32345433972 2.23956804413 2.15290885406 1.93935485603 2.10622908441 2.23706730599
131 1572 2.39634110382 0 0 2.36803446681 2.49777602615 2.88059694683 2.36751991309 2.12599434184 2.0295896623 2.31149518127 2.27710498489 2.37069141087 2.17134304861 2.14014336135 2.55410214522 2.62257497334 2.6737463764 2.28732962501 2.19323561108 2.11231253625 1.89442377738 2.04378921468 2.19998212106
132 1584 2.35676639637 0 0 2.32840873638 2.45804384072 2.85112729132 2.32290869555 2.07300393129 1.98530953555 2.28541346455 2.25167143928 2.33475829421 2.13652816465 2.10486362696 2.51874380975 2.6063144593 2.63174715699 2.23758370952 2.11483250937 2.10171956946 1.86473550344 2.01522695586 2.15348350754
133 1596 2.25628449009 0 0 2.21763865733 2.35105176287 2.72293825166 2.23039542831 1.97819501307 1.89384979316 2.19926256339 2.14993552288 2.22095446203 2.05684736122 2.01088559794 2.41688787471 2.5089277143 2.52641239975 2.15479070791 2.02653601303 2.00668504013 1.79944065067 1.93720208844 2.05345033563
134 1608 2.16346697841 0 0 2.12670519358 2.25286869484 2.59710060753 2.13610310031 1.8894924135 1.81167300962 2.09693311303 2.06568232615 2.11994075964 1.95775558207 1.91541936409 2.3129471486 2.41006711149 2.43024825681 2.07050163137 1.92833060431 1.92305409661 1.71796235915 1.86327233362 1.96743452333
135 1620 2.15560436646 0 0 2.13033479061 2.25319776693 2.64230394598 2.12917417812 1.86946710779 1.79723976012 2.06730915587 2.05044124039 2.1363647834 2.00031066525 1.90807361215 2.28487441794 2.41579961387 2.4476212562 2.07276910004 1.92578515273 1.94778627985 1.72300593866 1.85317361956 1.95565784202
136 1632 2.10879657055 0 0 2.08503993841 2.2160998476 2.59468183686 2.08359064425 1.82807361021 1.74998709568 2.0164987407 2.01428274406 2.12872281414 1.98077213113 1.85924554316 2.22962265522 2.37594255455 2.38698987036 2.03191512489 1.89097145299 1.90466323849 1.68528772953 1.7981835483 1.9104916786
137 1644 2.07006657655 0 0 2.06293277902 2.16113976294 2.56323328601 2.07129660031 1.78486491371 1.72613005877 1.96951282767 1.97495489605 2.10861634585 1.95811193167 1.81969689521 2.18691166251 2.34539798452 2.34030959051 2.00630735144 1.84407910143 1.86817504644 1.64036377295 1.7574428782 1.87925251547
138 1656 2.0201031172 0 0 2.06665097039 2.11017587832 2.49712203445 1.9973950523 1.72177436874 1.67210782182 1.92210590069 1.92037952565 2.07012218956 1.90075673832 1.77890399876 2.13434593114 2.28937405616 2.2916218637 1.95000354938 1.79716954743 1.79832862524 1.59222252441 1.71463377576 1.83671614101
139 1668 1.99673373217 0 0 2.0826875382 2.10003178836 2.46095045828 1.94912772356 1.69271004461 1.64662092115 1.90103805995 1.91722208659 2.05019619748 1.87355937957 1.75746927195 2.09463913896 2.26711335337 2.26132593665 1.92058769432 1.77321933462 1.77678203403 1.57657215436 1.68168188075 1.8083124159
140 1680 1.99558691496 0 0 2.09468163075 2.0890922587 2.46251411298 1.94196379822 1.68333381626 1.63182020333 1.89812117318 1.9201756015 2.05525035688 1.88277967364 1.76356736586 2.08954998913 2.29097077622 2.27559991332 1.91775965753 1.76348748608 1.773918253 1.57473567756 1.68103378528 1.80037712195
141 1692 1.91270878424 0 0 2.01879331729 1.95993213713 2.35217659042 1.86350748176 1.60902735823 1.56219119907 1.8247263277 1.82285302038 1.96215961308 1.80899268418 1.6915926039 2.0005992759 2.20291821519 2.17980295116 1.8302700162 1.69126925596 1.69696659537 1.5102363192 1.61352457646 1.72800648906
142 1704 1.81553456377 0 0 1.91928060116 1.85665454894 2.23498993225 1.78694627994 1.52374129315 1.47353093602 1.73293702875 1.72685737674 1.85256711043 1.72286181944 1.61615933406 1.89489960926 2.08200234433 2.06072710244 1.72760980507 1.60611086542 1.60232185308 1.43572152393 1.51033808777 1.63721756635
143 1716 1.6834429084 0 0 1.78179676511 1.70978934745 2.05778315697 1.63586509773 1.39819347565 1.37623092702 1.60803207515 1.59802694096 1.71098918739 1.59407504387 1.5062398657 1.75686420808 1.92496874846 1.90382806599 1.59605733121 1.4855399204 1.48499186783 1.31498325252 1.40115960625 1.51763399933
144 1728 1.63982099211 0 0 1.77655923563 1.66282616277 1.9912962496 1.58631797181 1.36729578314 1.32763772184 1.56065600928 1.56781301714 1.66325561857 1.55856104076 1.4733741995 1.7076342398 1.88682457663 1.85132347608 1.54785826417 1.43185745155 1.44373661904 1.28419754586 1.37987209814 1.48772543088
145 1740 1.5735151916 0 0 1.70775198284 1.59347051775 1.88787636909 1.51760918277 1.311145101 1.28454663392 1.50013383153 1.48964198098 1.59993450681 1.49297588629 1.41534447013 1.62906893607 1.82619159116 1.77389276966 1.48127551129 1.36953829006 1.37651303901 1.22819355178 1.31757961572 1.42087578356
146 1752 1.48396769644 0 0 1.63508602313 1.50669134556 1.78223953889 1.44138168426 1.23839221784 1.21992276789 1.41259129558 1.41325837987 1.52084101901 1.40654983195 1.3383121028 1.52727700134 1.71616122066 1.65603240978 1.39601892084 1.28910989936 1.30461827782 1.15794861272 1.2325248163 1.32825703392
147 1764 1.43221655414 0 0 1.5858503 1.44918490313 1.72318868177 1.38829385004 1.20930067234 1.16519684021 1.37254608242 1.38742623526 1.46851757663 1.36066278006 1.28440496536 1.46631805533 1.65559448729 1.58149276531 1.34237760952 1.24287747194 1.25936778908 1.12116901198 1.19214518687 1.27396726765
148 1776 1.39343916038 0 0 1.55399938793 1.41154225452 1.6791692353 1.35606051314 1.17526476879 1.13337524497 1.33108955808 1.36279054479 1.43990316953 1.3247918428 1.24575672919 1.44229232914 1.62227738686 1.53201988014 1.30651677301 1.21281238261 1.21452307275 1.08174399161 1.15506879868 1.23566235612
149 1788 1.35538639079 0 0 1.51389932328 1.37272802361 1.62370235501 1.30812974177 1.150816265 1.10166674953 1.28176219138 1.31856338208 1.40419700078 1.29053037648 1.20627654403 1.40210893012 1.58114950006 1.50750179097 1.26829069707 1.17352941937 1.1767927549 1.04994103327 1.1245998596 1.20555476469
150 1800 1.33636931238 0 0 1.49336867867 1.34850420038 1.60178396889 1.30174047958 1.12825134489 1.09187754572 1.2592005515 1.30532133356 1.38857054114 1.27605048454 1.18174910333 1.39579396055 1.56468599227 1.48319562506 1.24289416039 1.15862218409 1.15669317776 1.03051815493 1.11575714808 1.18389048164
151 1812 1.31645525003 0 0 1.4695594184 1.34397813826 1.57027042423 1.30214452638 1.1135669152 1.07516980257 1.23431263968 1.28905130831 1.36783342863 1.26121153416 1.16263728295 1.3717256176 1.5413090118 1.44506351136 1.2242752245 1.13292039197 1.14316837047 1.0159889718 1.09722356416 1.16014895251
152 1824 1.33558610887 0 0 1.49182676153 1.36122760755 1.59283740587 1.33652093361 1.1257070543 1.09543932755 1.25553673286 1.31052887499 1.38375120776 1.27676100324 1.17729363389 1.3923276726 1.55474117122 1.48270734266 1.24293225278 1.14343696403 1.16395483474 1.03120775841 1.11369742626 1.17662571464
153 1836 1.35152575732 0 0 1.51727947824 1.3765647571 1.60767082544 1.36050020035 1.14030535295 1.10376310269 1.26113681914 1.31950308862 1.39758367237 1.29376238213 1.17812369142 1.39660097473 1.56783885801 1.4966823656 1.25934122156 1.16006454519 1.18851803033 1.04823272132 1.12691813362 1.19333692155
154 1848 1.29656886078 0 0 1.45312965785 1.32307203353 1.5417696005 1.32128461196 1.095192225 1.04563238556 1.20262633061 1.26709888716 1.33662407797 1.23908682239 1.12415028915 1.33698614901 1.51378272161 1.43321806417 1.20990353555 1.11734798174 1.14332168876 1.00975422128 1.07179717672 1.13450788744
155 1860 1.22693885097 0 0 1.36593416139 1.24768774015 1.4598379197 1.26711244341 1.03373941793 0.988356311229 1.12961404678 1.19157515048 1.26499530411 1.17369138537 1.06360291655 1.25950424851 1.42916145475 1.3569965675 1.15111609492 1.06754652867 1.07859658016 0.952529940632 1.01055696321 1.06222387396
156 1872 1.16789844587 0 0 1.31933891206 1.18656536235 1.38857253231 1.19818332584 0.986637850175 0.939029480124 1.07403948105 1.13144694957 1.19877652224 1.12136204393 1.02267040748 1.20046757823 1.35386193787 1.28661628007 1.09081571604 1.01455526124 1.02924810401 0.908983867862 0.958049196808 0.999679456073
157 1884 1.14120439443 0 0 1.29385950877 1.15848670285 1.35917948764 1.16270646508 0.962031128028 0.913983629772 1.04459719832 1.1016842544 1.17289167641 1.08941247324 0.997063648045 1.18393428568 1.32066501741 1.25413820861 1.07610066079 0.985803629681 1.00417110908 0.885402856048 0.93248292369 0.976959345956
158 1896 1.13025271724 0 0 1.27725821783 1.14326905597 1.3427982451 1.15319564181 0.94960078184 0.903774264673 1.03209675396 1.0771131816 1.16077655524 1.07646474549 0.97982272984 1.17532374634 1.31144318933 1.23436847246 1.06739318373 0.97210560052 0.993500334027 0.882669531128 0.924904856555 0.973920530312
159 1908 1.14070542187 0 0 1.28428253516 1.15176546681 1.3676796742 1.16718016146 0.955208725862 0.915405571198 1.03707955309 1.08161507977 1.17780020335 1.08792338338 0.990293827383 1.18650840947 1.30911134313 1.24170060262 1.0743002324 0.981065522777 1.00916367608 0.880869561915 0.939570111623 0.977518477274
160 1920 1.12982776272 0 0 1.25955025799 1.13960914736 1.35514174673 1.14054043163 0.941565234969 0.915200240509 1.02856362272 1.07021030486 1.16829734142 1.07230466355 0.963612384779 1.17645462327 1.29203450645 1.22821490151 1.05840255585 0.969838119576 1.00669969507 0.880408657937 0.928650626948 0.972251017084
161 1932 1.11129047514 0 0 1.24877992771 1.11731920876 1.35323002978 1.12513749197 0.921522703417 0.905354508257 1.0068546985 1.0426323078 1.14658163454 1.04972627514 0.939754688559 1.15542613275 1.27213693985 1.2084543745 1.04013702084 0.942223945971 0.995258578355 0.866585430597 0.915736276323 0.957085486104
162 1944 1.10475017473 0 0 1.2414165231 1.10369236249 1.35045293959 1.13372849768 0.919272223835 0.899935875975 1.00285114206 1.0384044947 1.1284328141 1.03890304353 0.934645758108 1.14642250557 1.2527035308 1.19982282591 1.03358773393 0.947709921074 0.99827803486 0.864295509753 0.913911740324 0.947715052026
163 1956 1.07781952687 0 0 1.21716760528 1.07344593105 1.30517965694 1.11958616315 0.896078396661 0.878301686034 0.988143418728 1.02109434984 1.10085853738 1.01619019423 0.911248584195 1.11684092526 1.220356023 1.16486440239 1.0129385763 0.926397087372 0.978822246417 0.84264673804 0.89372008469 0.919924576785
164 1968 1.11894911793 0 0 1.26437833421 1.11293447402 1.35077659493 1.15212796878 0.920339646363 0.925935325557 1.02119012723 1.0559398854 1.14272282376 1.05501735285 0.943094010791 1.16076863424 1.27414473161 1.20854737974 1.04810513742 0.965732129689 1.0234142681 0.877740905924 0.925231334411 0.952271645782
165 1980 1.14174121704 0 0 1.28966066383 1.12747820159 1.37936358537 1.18066924513 0.935435041793 0.946435605079 1.0376716835 1.07242177228 1.17534444579 1.07988029315 0.964900593443 1.18423978968 1.30582057214 1.22065115775 1.06424460039 0.985770271645 1.03695349492 0.91525648731 0.94970677739 0.960126129233
166 1992 1.21288151302 0 0 1.37879234807 1.19299592204 1.46904107231 1.24413428797 0.993071125486 1.01054114769 1.11238734014 1.13207917806 1.25950506805 1.16490523782 1.02674314901 1.26973436624 1.3937563831 1.3039296393 1.12890483354 1.04699190972 1.10246397161 0.980189948807 1.01292025522 1.02381730968
167 2004 1.23537100387 0 0 1.41118510791 1.21518886502 1.49320113081 1.26393378211 1.00754633522 1.0294305118 1.13635060255 1.15412776418 1.29015263975 1.1913980351 1.04172449306 1.29403056161 1.42341644802 1.32326680511 1.1501857651 1.06725711109 1.13408759246 1.00165040448 1.03211102069 1.04131369998
168 2016 1.26008417185 0 0 1.44233224971 1.24612970396 1.52586592016 1.29600822508 1.02563548116 1.03216117223 1.16253778583 1.20039108663 1.32495112037 1.21196064617 1.064641457 1.33636563839 1.48012887855 1.35117427402 1.16657758817 1.08468027897 1.15895741567 1.03797304369 1.05516632209 1.05644169319
169 2028 1.30579510598 0 0 1.48416104841 1.2867104609 1.57402559497 1.34498882 1.0698900458 1.07465688266 1.20253848052 1.24380636724 1.37687711747 1.25662941186 1.09199556807 1.39095641081 1.53983008937 1.39190148416 1.208707363 1.11867570502 1.201845628 1.07398112114 1.08627509383 1.08649060299
170 2040 1.36070646264 0 0 1.54546187794 1.33799533299 1.64921650133 1.40206188858 1.12838715075 1.11261642272 1.2626246772 1.29949193237 1.43213118064 1.31255899166 1.12742991921 1.44906247642 1.6163251137 1.46334662973 1.25786524535 1.1736851542 1.24543739309 1.12127982733 1.13071829602 1.1295854779
171 2052 1.43168654598 0 0 1.61997754303 1.39251186355 1.73251171545 1.48761225263 1.18572232474 1.17221987543 1.32373968892 1.3550134025 1.50562246473 1.37784999938 1.19072415666 1.55155530611 1.71456910844 1.52380330921 1.32396425433 1.23790750519 1.31196252255 1.17280520828 1.1920471576 1.19965572467
172 2064 1.50098119253 0 0 1.70073314233 1.452804764 1.81314982567 1.55623340682 1.24289714989 1.22202269734 1.38525879262 1.41425778532 1.57726990743 1.4382291254 1.26649714882 1.66382600032 1.80765155518 1.59242383076 1.37372423029 1.29366478291 1.3740519579 1.22093641096 1.25572236773 1.253225951
173 2076 1.57354654278 0 0 1.77777473458 1.51409319884 1.90068964836 1.62647158519 1.31376136158 1.2702603011 1.45114288865 1.48316563334 1.65211278328 1.50292179651 1.33627811317 1.76783567417 1.89810124744 1.67457172574 1.44281649307 1.34851869593 1.4179346344 1.27159561589 1.31304266249 1.31434594336
174 2088 1.58358577658 0 0 1.79197625446 1.5237441605 1.89954907917 1.64545806029 1.32154021425 1.2963706773 1.45586955645 1.48023517515 1.66113875991 1.50473567912 1.34139825532 1.78930535095 1.9088031217 1.66251663635 1.44791726838 1.35037899995 1.42243085874 1.28028816557 1.3025459384 1.32129665454
175 2100 1.58846462518 0 0 1.79853340536 1.52989191686 1.88754047403 1.65864129982 1.3172562376 1.30551555115 1.45502051745 1.48041074749 1.65454636647 1.50561254853 1.34674718681 1.80168711706 1.93165555548 1.66903364554 1.45213016028 1.33873537499 1.42726177232 1.28219866519 1.30914294307 1.31208776433
176 2112 1.59805344009 0 0 1.81399963 1.5293998372 1.88245811457 1.66187765361 1.32850323899 1.29329527487 1.46015903519 1.48900329965 1.65318209224 1.51525725006 1.35168080834 1.83322672778 1.96414694866 1.6989314148 1.45134997844 1.34949650892 1.43663299728 1.29603718505 1.31855352996 1.31613298107
177 2124 1.59025673196 0 0 1.80601689868 1.52532458191 1.87556446132 1.61855535683 1.32012679578 1.28262536529 1.45133357478 1.47812287776 1.64458642501 1.50002170127 1.34038649859 1.82237844522 1.96214122874 1.70780744931 1.43690605886 1.34584016686 1.43058979409 1.29603982561 1.30818144477 1.30288660059
178 2136 1.59646615972 0 0 1.81268514526 1.5345691248 1.88156221617 1.61494388488 1.31348230703 1.28456228421 1.45854828518 1.48577071057 1.64754853042 1.50291997197 1.35943032295 1.839708346 1.96409528074 1.72887805937 1.43611899501 1.34923111949 1.43491113003 1.30800734286 1.29861730022 1.31207792733
179 2148 1.58163896898 0 0 1.80184900198 1.54408056651 1.8525040912 1.59833816922 1.30027850674 1.27845345241 1.44824724573 1.49383693222 1.6400305956 1.49100691547 1.3428844449 1.82761273278 1.95575552497 1.69568594885 1.42337055654 1.32832503752 1.42008046393 1.29278471823 1.27958535446 1.29713139419
180 2160 1.54555743596 0 0 1.77033045149 1.50173769451 1.82005473849 1.54427711325 1.2695992731 1.2457564384 1.40268931373 1.45399260973 1.60448402951 1.45365569848 1.30915259338 1.78898775881 1.90828742175 1.66027604984 1.39393073322 1.29845766143 1.38759265527 1.27169525361 1.24033586278 1.26192243298
181 2172 1.5173466376 0 0 1.73488489072 1.47106469349 1.77020835073 1.51216272253 1.24942903903 1.21397784726 1.37392367365 1.42416926152 1.5739218473 1.4280566591 1.28304689133 1.76378632704 1.86035780672 1.63087016884 1.35822358239 1.27605604981 1.37257587552 1.26252614143 1.20887720842 1.24052404243
182 2184 1.53299928711 0 0 1.77017031988 1.4861189806 1.79395715137 1.52368457121 1.27696091003 1.22374703289 1.40340885063 1.43039878009 1.60111900867 1.45244146577 1.29027524414 1.76691539111 1.90378117458 1.63369068566 1.36633846994 1.28631686267 1.38644317789 1.30576013014 1.23878284525 1.25329280024
183 2196 1.60467553071 0 0 1.84988536811 1.55906764193 1.86996112747 1.59197680313 1.32463194838 1.27479443264 1.46310785241 1.49193164414 1.68600263748 1.5210489577 1.36096806848 1.88561155142 1.99248018355 1.72027157995 1.44496692503 1.35876965785 1.44676805318 1.36957337068 1.28018014574 1.315245922
184 2208 1.62071247762 0 0 1.86184551194 1.57257166061 1.89032883807 1.60351895057 1.33926069577 1.29267249848 1.46116328317 1.50248818068 1.70680010328 1.53640506639 1.3708144465 1.91827490135 1.99862525976 1.73589621328 1.4775096129 1.37340425947 1.45751106072 1.39042616335 1.29046355206 1.30122578728
185 2220 1.63987024813 0 0 1.89228254181 1.59854291227 1.91159501808 1.6117408777 1.34773106023 1.30961937507 1.47586971186 1.51430150424 1.71923720075 1.55842293193 1.39191044571 1.93594521274 2.02779595941 1.75092117539 1.4966558458 1.38829138412 1.46705203167 1.40983392632 1.30253604562 1.32622547004
186 2232 1.65743708362 0 0 1.92957299803 1.6143460475 1.92981167797 1.61420522522 1.35832641797 1.3375326471 1.48987761867 1.52981136732 1.73207325475 1.54811416404 1.40055189939 1.99474062088 2.05322214784 1.7759502546 1.51377741282 1.41524578078 1.48020621225 1.41678292117 1.31517721438 1.33365246964
187 2244 1.71568289784 0 0 2.01606308272 1.67379362756 2.01037371104 1.65896215813 1.40857803712 1.38448782135 1.539554438 1.57604061534 1.78929550373 1.59818945351 1.43594715306 2.06643555363 2.13074041304 1.86561015107 1.56682322547 1.46220662482 1.54048652238 1.4589541707 1.36000099972 1.38459415821
188 2256 1.70874399984 0 0 2.01787275178 1.65567530447 2.00971654166 1.64715210984 1.39916047988 1.38436008175 1.52419099225 1.56662144463 1.77084024969 1.58163539626 1.42360458916 2.06744316283 2.12762628893 1.86009955829 1.5593342009 1.44417852358 1.53698631478 1.44780917535 1.3331821933 1.37074022439
189 2268 1.78549136638 0 0 2.17752791087 1.72967719019 2.11240877205 1.71236543461 1.4516438756 1.44229083512 1.60261104207 1.63557343798 1.84592232188 1.66341376128 1.48631015694 2.1576927375 2.21954907765 1.95928930221 1.63009099167 1.50681428013 1.62705960513 1.51767505584 1.39911934921 1.43732561134
190 2280 1.81313624012 0 0 2.27370513639 1.76328334147 2.15849688308 1.73959196723 1.47315555571 1.46879726732 1.63338424049 1.65645630771 1.86860631589 1.68977557486 1.51380449204 2.1855290128 2.25348894368 2.00049519358 1.65596570942 1.52134043627 1.66471755036 1.54368230539 1.42451584547 1.46668676715
191 2292 1.83910578273 0 0 2.34108704729 1.78394463865 2.19067524121 1.7655640521 1.50477319484 1.47875893904 1.66165986623 1.6748523551 1.90243106373 1.71074536928 1.53027638702 2.20795788083 2.27218233438 2.02232668033 1.67928475349 1.54518411814 1.69943135406 1.56018936656 1.44494162736 1.47801786503
192 2304 1.84406801684 0 0 2.37495472114 1.76822976421 2.19860524293 1.76715735942 1.49610666088 1.47636583182 1.64665237559 1.68083462379 1.91455115111 1.71780309191 1.51907437801 2.22848352995 2.27988224049 2.03249334193 1.67202582349 1.54871632292 1.68505791905 1.56554349714 1.4525253355 1.4712074047
193 2316 1.86009984501 0 0 2.4119339189 1.77122711005 2.20600431999 1.75758833411 1.519218596 1.50795496527 1.66412000105 1.68777849729 1.93027154746 1.73409264891 1.5313946966 2.24188078158 2.28592685032 2.04799351152 1.68559845542 1.57164306304 1.70296660877 1.56559592741 1.4576680021 1.48165346598
194 2328 1.80643232372 0 0 2.33232530149 1.7103790146 2.16076570556 1.711634288 1.47742853926 1.4602713774 1.6112467816 1.62764032483 1.87098811395 1.68283969806 1.48257431351 2.17320819396 2.20203413023 1.99596693409 1.6501386195 1.50394782003 1.64987304295 1.52081311511 1.41184207931 1.43532048072
195 2340 1.83373989672 0 0 2.35303827554 1.74884984786 2.22758504961 1.73344977835 1.50701429764 1.48805852204 1.63073792237 1.64543298618 1.88979447934 1.69810726059 1.51054004722 2.19759469329 2.25307141351 2.03426862291 1.69538288875 1.53980493875 1.67297670346 1.54694275685 1.43427843101 1.46259689269
196 2352 1.83101430237 0 0 2.35129409875 1.75202994239 2.22568364407 1.72430213532 1.50623678636 1.48692564631 1.65130566468 1.66883564962 1.87591584068 1.68251463957 1.51134702601 2.18227352521 2.26957031756 2.01637375961 1.70766380512 1.54162320996 1.66823881891 1.54804939593 1.43188297595 1.46037773792
197 2364 1.88391411021 0 0 2.44950109275 1.80330597205 2.29775481766 1.76465553024 1.54868249194 1.5368445299 1.7025218901 1.70530956583 1.93097388082 1.7384067752 1.53998365862 2.22431837085 2.35004621716 2.0791190326 1.76341587942 1.57959971684 1.71284260331 1.60529841861 1.48547733457 1.50414746993
198 2376 1.91064498805 0 0 2.49433044004 1.83254944594 2.32950436015 1.79351037989 1.56327834606 1.55820654283 1.73268948322 1.73114839735 1.95530215311 1.77160070029 1.56089562789 2.2655150733 2.41022346601 2.09725966365 1.78464728046 1.607111033 1.73754331691 1.62370537503 1.50952212545 1.51786976605
199 2388 1.80880826075 0 0 2.36921634018 1.73514294177 2.20510976177 1.6956629493 1.47773671435 1.48498928282 1.63363386305 1.63191264476 1.83605996408 1.68214825884 1.49840418064 2.12444316102 2.28629496408 1.98053518141 1.69376548933 1.50978480997 1.64391055542 1.54298677713 1.42212490194 1.44799531842
200 2400 1.76306055241 0 0 2.31315172543 1.68595482661 2.10138232104 1.64742341772 1.43952963012 1.45829032831 1.57709175538 1.5775973615 1.8038045974 1.65019958995 1.43824295541 2.0846885669 2.22152223699 1.91696388116 1.65471438704 1.47140356586 1.60468900458 1.49651949721 1.37505413522 1.40714827216
