% # columns="iteration, evaluation, void, void, void, xmean", seed=1068068, Thu Aug 17 17:07:08 2017 # scaling_of_variables: 1, typical_x: 0
0 0 0 0.0 nan 1.0 1.0 1.0 1.0 1.0 1.0 1.0 1.0 1.0 1.0 1.0 1.0 1.0 1.0 1.0 1.0 1.0 1.0 1.0 1.0
1 12 0 0.0 nan 0.907832114368 1.09001476373 1.01457143772 1.03630855221 1.01531293781 1.01831742995 1.02404592056 1.10901296769 1.05932361686 1.03558292294 0.959209059552 1.03022717374 1.00801845899 0.981727707387 0.929515496399 1.01851344946 1.02729156968 1.03955460367 1.07599405777 0.937950810587
2 24 0 0.0 nan 0.863605833766 1.17240176914 0.987247692587 1.02196172344 0.995458127791 1.14671977956 1.04374620757 1.18375268557 1.06431770505 1.08467103646 0.932103696027 0.957079680204 0.894905804805 0.941676014711 0.930664693246 1.07015662157 1.03891945404 1.09487108821 1.16941822216 0.975430807266
3 36 0 0.0 nan 0.799265914264 1.20585692864 0.988562205737 1.0231117565 0.919513165339 1.14361083653 1.05629542653 1.31834729281 1.05830645821 1.15177280649 0.972332432301 0.912706360657 0.908972706659 0.917176016524 0.955418484334 1.1140705587 0.987136260593 1.12486617907 1.14397230793 1.00754314494
4 48 0 0.0 nan 0.671996633379 1.13344795643 0.998578094114 1.02611609748 0.980305690912 1.23443182244 1.0743248398 1.43851377219 1.1178858715 1.24824956093 0.921921953968 0.865035541499 0.931668736146 0.926890803176 0.976708814507 1.11850506323 0.944458213009 1.19867116293 1.1973620004 1.04854649187
5 60 0 0.0 nan 0.60994234954 1.11142845391 0.897891472624 0.921258404102 0.935359675392 1.39144670455 1.04508735121 1.5484498464 1.25972894719 1.32058338479 0.861561775598 0.898519962411 0.973562391203 0.926548836933 0.95559855634 1.03644199899 0.970417605904 1.32137028968 1.24063526424 1.01189519131
6 72 0 0.0 nan 0.549961282999 1.06456321672 0.872974133959 0.912643499868 0.959194040281 1.38981903478 1.05378973482 1.62238860573 1.33875266037 1.34551893905 0.904118309463 0.930220182675 1.01345162649 0.954042820935 1.00814935505 1.09935440485 1.09473037939 1.30455044092 1.37900006792 0.964330252979
7 84 0 0.0 nan 0.564057101856 1.09420569693 0.830441823202 0.877681307687 1.04181213726 1.38043648508 1.19420093002 1.57709254579 1.42169824961 1.40462454377 0.932109921883 0.933791837453 0.989424268442 0.857053299334 0.957690329041 1.06769634078 1.13908047508 1.45975238104 1.61635281357 0.946831372921
8 96 0 0.0 nan 0.598656022262 1.11145662487 0.701007360629 0.956618436207 1.09758266662 1.3056828925 1.31260488149 1.6148936005 1.33649640768 1.55887782388 0.853771732904 0.792977167475 0.951461289104 0.736857036371 0.901186497633 1.1681353261 1.23141320412 1.58212843754 1.56194262827 0.988614215799
9 108 0 0.0 nan 0.589072315535 1.07880868905 0.575468354264 0.922066057698 1.15545851042 1.43789625444 1.24758027164 1.91725488454 1.24392767417 1.61571357336 0.803555810996 0.950289207675 0.891983092769 0.695103841626 0.98920086871 1.2416116414 1.26552547659 1.69976044646 1.66210297676 1.01241796297
10 120 0 0.0 nan 0.594178145761 1.14638846733 0.520275230063 0.818350013549 1.23969454617 1.4814982569 1.46959899294 2.05895567577 1.37656770105 1.63387203026 0.716103733731 0.867105661395 1.02548845745 0.720040202351 0.917525363761 1.08482994179 1.42087604539 1.69556177862 1.83494664353 1.04298140084
11 132 0 0.0 nan 0.470623889164 1.11775575144 0.569520331493 0.622102688618 1.08894602342 1.71052612856 1.58837076497 2.31583604302 1.5635015843 1.71850535221 0.699254788572 1.02781293928 0.954579700088 0.8471170108 1.03519602545 1.10066199309 1.49311246448 1.76583152754 1.9856217455 1.13485793005
12 144 0 0.0 nan 0.213123520129 1.0908177028 0.530251548853 0.642493518049 1.08487634394 1.79581612921 1.6315901468 2.59214408368 1.65504473635 1.72135537593 0.443197379179 1.09265853049 0.829255555316 0.866122147181 1.15646891688 1.09438281859 1.57744344734 1.86050066567 2.08605711013 1.11430325728
13 156 0 0.0 nan 0.186638442921 1.19672234387 0.390995622783 0.583365530701 1.05981862008 1.69604973779 1.67192096943 2.8244833049 1.88396070253 1.66085824718 -0.055807421445 1.0100200399 0.786841083726 0.678008449396 1.11494834521 1.22608978595 1.64850021528 2.05781721218 2.135233875 1.13740552002
14 168 0 0.0 nan 0.217968911186 1.45014032144 0.51552618524 0.719829853362 1.22743442373 2.02568524734 2.08530480383 2.85620544227 1.91484919622 1.76071813776 0.117663579126 1.16831652584 0.796145917543 0.881997289985 1.29867952092 1.62230685357 1.60515924285 2.12757375186 1.81003346852 0.917545838861
15 180 0 0.0 nan 0.205534257092 1.73748802159 0.693655134886 0.9381039263 1.34976961103 1.78908804826 2.38144009686 3.16292105756 1.86209980015 1.73511818027 0.0919475178831 1.43086449449 0.829164282365 1.15458405058 1.29033229993 1.5918885224 1.60130804859 2.34862021709 1.99400980814 0.607432860516
16 192 0 0.0 nan 0.243709116136 1.77536026254 0.598609734549 0.775538442895 1.40015556266 2.27739007711 2.11092419212 3.77932600722 2.25325883718 2.00000914145 -0.109584818363 1.68912444912 1.22436861784 0.870870419885 1.38687160338 1.81732914889 1.78825450389 2.12695373408 2.37294318873 0.79236311923
17 204 0 0.0 nan 0.0535876952714 2.24122063996 0.748338359588 1.0171833651 1.38124804209 2.07029676232 2.58017941461 4.56602817317 2.48085121297 1.89048324386 -0.145353089693 1.68073829127 0.987887322361 0.945882052643 1.34750336231 2.12962697393 1.87357476472 2.08960005 2.84283674328 0.696369766654
18 216 0 0.0 nan 0.0623790640372 1.79770157403 0.96338054866 1.13140717146 1.32652427591 1.97997464443 2.61848175334 4.42596549233 3.05462538351 2.49707458661 -0.250498378023 1.52771439118 0.945322159522 0.854559247294 1.28489224522 2.08583703667 1.92026294401 2.15781416662 3.18228706456 1.03859887972
19 228 0 0.0 nan -0.0541331682796 1.61943726671 1.25160875289 1.10853642192 1.57914449482 2.01616529374 2.88961096432 4.65596843261 3.66654399753 2.42125082323 0.104908897156 1.49669760609 1.33067460436 0.840975671 1.26817648663 2.25999576743 1.93154313947 2.03226154077 3.3262929592 1.6728310615
20 240 0 0.0 nan 0.16094075721 1.81906534108 1.12014591225 1.57024039798 1.94116062063 2.70971014959 3.38501402465 4.97918898977 3.76053381638 2.87726317367 -0.0601035571424 1.98947820019 1.60551828081 0.541379399685 1.33652312814 2.58711838516 2.23978775174 1.83628452507 3.40879899459 1.13770497989
21 252 0 0.0 nan 0.48888084023 1.3233290655 0.188115268641 2.05398743461 1.76708226083 2.92194157513 3.08582071666 5.81593221878 4.04995161455 2.68567122392 -0.548637493486 2.25549252281 1.51946789631 0.484147247317 0.942150627794 3.40363485845 2.34118700198 2.70123002052 3.5506703821 1.43896142831
22 264 0 0.0 nan -0.666161693769 1.25700479448 0.433583030596 2.22454321501 1.76281076762 3.32080253774 3.87791214308 6.84790828513 4.7837363667 2.68006878006 -0.759579970905 2.49939953657 1.95462797823 1.16370134534 1.24765192417 4.54352590602 2.44623224432 2.78331906733 4.12098644765 2.03935449948
23 276 0 0.0 nan -1.66323709687 1.65943990711 0.239033581368 1.96304222597 1.848523047 3.90314340465 3.99973676014 7.74461283926 4.6453653582 2.98563409255 -0.629819708623 2.77911995565 2.12414291074 1.69669137766 1.54080241024 5.36928477037 3.24440539608 3.35264468786 4.29365573623 1.79279169478
24 288 0 0.0 nan -1.83292380242 2.58041215229 0.540469216699 1.8260636671 0.921624448225 3.87616480363 5.31363927796 8.59410269906 4.88865346494 4.72103323506 -0.851501332137 2.46694671455 2.21697272221 1.12459341474 1.20870374823 6.013690803 3.9573325912 3.33110271522 4.46666748907 2.17991367411
25 300 0 0.0 nan -1.43735609033 2.98610314484 0.0111496766408 2.51583394108 0.572433636307 3.4510741585 5.82430118659 9.42749159701 5.40502547458 4.93308526475 -0.0836203018212 3.10027551614 0.54665252568 2.33087534838 1.52696039501 6.94709106451 4.53834820821 3.53620548577 6.02582624388 2.51007956504
26 312 0 0.0 nan -1.62410644288 4.56928411723 -0.160381249438 3.28245239718 1.75155835516 3.79740309082 7.11019363701 9.48531963198 6.00064423 5.93935108653 1.22451190135 1.04056237056 0.842611604304 2.45481459046 1.61413145025 6.71754708444 4.40662616015 3.90508321973 5.76786183586 1.98453767681
27 324 0 0.0 nan -1.40609201211 4.60823703794 -0.68685609686 3.39587650009 2.22265990579 4.92021052489 8.84406886376 9.63684928647 6.56267372796 6.06166779063 1.10348300526 0.818057905862 -0.287459273562 1.82430672376 1.42405836215 6.32593394302 5.10054575446 4.70967241888 7.1225249649 2.87887762701
28 336 0 0.0 nan -2.9743584055 5.26678432128 0.611072802276 2.83668464281 3.08048902673 3.31975538514 8.72402453075 9.08005163282 7.3039016266 5.89507306667 0.743450191946 0.267694254099 -0.423282932675 1.40016548514 1.02447209583 5.6958448301 5.89474042468 5.88530766732 9.03949766834 3.07624579038
29 348 0 0.0 nan -2.97338200502 5.9288523124 2.00987926184 0.863078371408 1.10479747622 3.91356957695 7.64375142516 9.35337670783 7.17832084918 6.30325263472 0.873536434182 0.332639593355 -0.617068158841 0.654695430599 -0.0982345868356 7.08123705322 7.43551208388 7.161593618 10.3478512301 3.20003921484
30 360 0 0.0 nan -0.999441312622 5.67464816857 2.34975646498 -0.0834849750547 1.85462405691 3.70401263385 7.25087151314 9.0170487778 8.31992911908 4.61982513077 0.513270562955 2.83461636726 0.343416407774 0.283346497747 -0.0204344405357 7.65936799148 8.26791229826 7.84395085059 12.6289948314 3.99858309407
31 372 0 0.0 nan -1.24419837983 4.02655301912 -1.05382681174 -2.17556929329 1.47145464001 2.42795502849 4.96607452968 8.0951324194 6.72298744423 4.00727530787 4.46192369929 3.23699858472 -0.644191773831 0.0900771427151 -1.49976679583 7.33588991629 10.6317709913 10.8285695626 15.5784298496 4.72355188697
32 384 0 0.0 nan -3.52682725838 4.10792321232 -1.0652420335 -1.89148392162 1.53640839267 1.79335958078 4.52002877638 8.656744287 7.39865564556 4.26935402225 4.87935993515 5.12299915267 -1.9553172604 -0.853905188531 0.222805376855 7.93210887711 10.8909604447 9.85516095771 14.5213377121 3.83658730802
33 396 0 0.0 nan -3.44789596261 2.43899041108 -1.56718271169 -0.666063061531 2.26934404338 0.654724494612 2.69099908887 9.49618498231 6.27118146898 3.68955194797 5.18785554461 6.53065791503 0.500046258642 -0.532171520002 -2.20072766021 10.559635877 11.7311818394 10.5882221869 15.590055486 5.89433820351
34 408 0 0.0 nan -3.6302826311 3.50616091312 -2.8931329763 0.186017838947 4.50141843214 0.536397997393 5.09644753612 7.09039913773 4.30434858515 3.88662311837 7.57535309665 5.70026978519 0.486941866726 -1.97760726838 -2.64982347434 10.7123732248 13.934733845 11.8340612769 16.8279874641 7.7783155841
35 420 0 0.0 nan -0.184373423405 4.87653277999 -3.46527940573 -0.155235007169 5.07661884218 0.813926408494 4.77311943388 6.38885253653 3.82140450592 2.76271201882 5.27689524472 6.63749323448 -1.46753157749 0.792975527076 -1.8006324544 11.15566639 13.0609660138 13.9031177991 18.4922710051 9.1167458526
36 432 0 0.0 nan -0.304209973414 3.0018616656 -3.10156723619 -1.42810709896 3.36558045091 -0.396880935558 5.97644904473 5.97894403176 2.33699557719 5.34450083779 6.61310551947 8.36940906413 -0.0998361960576 0.362195266916 -4.5643628333 12.7608359889 13.8888875845 16.1285276689 19.3117387919 9.66988296373
37 444 0 0.0 nan 2.07059736031 3.94611708944 -4.1880217312 -0.0644430518353 3.83049228464 -1.32430178288 8.34705647147 3.31295943331 1.77369630147 3.72255412419 8.59824359834 4.04576374128 0.916843691339 -3.37577107216 -7.16587910204 13.5442936713 16.2934192476 15.6342264056 22.1242838119 10.5793333761
38 456 0 0.0 nan 0.677571478636 5.46024839818 -1.95388735764 -2.22782451876 0.68659729692 -0.244134060514 5.1124906621 6.3709319153 1.38846961968 3.59233848996 9.63817930097 5.63613048835 -4.65369540278 -1.76099808465 -5.52951688655 14.6577441025 15.9444966016 17.4377820656 24.1595645918 8.33714722156
39 468 0 0.0 nan 0.204297809908 4.48675724114 0.0131456736697 -3.91739831918 -0.452939097915 0.0731799257249 5.02411278243 4.68006181253 -1.64789192176 2.92249595409 11.5410148249 9.84371610209 -4.62299958367 -4.46021453953 -6.4285428295 16.9162082556 17.0309377423 19.7104213674 27.0086798819 9.11361880777
40 480 0 0.0 nan 0.66978141412 5.19051844454 1.93073487815 -2.51133620518 0.660007108201 0.14206181037 5.17491224299 3.18054612436 -2.3387624735 2.35250427642 11.4315613724 9.89220435261 -4.74207879218 0.553508698822 -8.14508983784 18.2835112453 21.2907734121 18.2860876582 26.269259652 9.67349724754
41 492 0 0.0 nan 2.54379071824 6.06050801314 3.22791526727 -3.68041228129 1.43447913452 -3.11808291873 1.82193291009 6.23284249082 -3.69973248842 2.46778247415 11.827065061 13.513673263 -9.3379956587 2.51116223136 -9.06374613985 20.8088598937 19.5432520824 21.9400138359 26.5955960009 9.87650181689
42 504 0 0.0 nan 3.03114729127 6.29656046177 2.31807397924 -3.77536984956 0.484923375545 -5.51298771792 2.43032880396 5.03173253511 -1.62435709834 1.20408571323 12.8544188798 13.6285088243 -10.8071367837 6.82071031116 -11.0597457632 23.9567949835 18.9822154032 26.2060653795 26.0230671754 12.0214706532
43 516 0 0.0 nan -0.603468769193 11.3430953207 2.4751665299 -4.80810433455 -1.74775527514 -7.25231875537 -1.0053447228 7.21719534535 -1.4509246203 0.0205935363442 16.3051909368 18.4998768363 -8.05189327668 10.4827030816 -8.18308861297 22.1518599252 22.5934511733 27.7815355697 25.674660266 13.8959120254
44 528 0 0.0 nan 1.56863260903 4.8139271397 4.09383294402 -2.18732774837 1.274153333 -5.61311366962 -2.59422518394 9.6428225979 0.33079193349 -3.34653204435 15.5202922352 15.1105164977 -12.3771986719 9.34971123108 -11.6328015754 20.7365075893 21.7502297856 24.7808262184 23.8539492596 12.7411468863
45 540 0 0.0 nan 4.77843213249 6.66141736142 7.60586575866 -3.95389932857 4.5022631249 -3.59608347544 0.221194917669 9.38938656605 -0.283019632464 -6.00767344617 14.9204114354 20.6741221898 -10.8963417423 13.3164022462 -12.1559223973 23.3410703149 19.6273723371 25.0645854547 23.2209361518 13.1008101075
46 552 0 0.0 nan 8.10240042802 3.15350855188 8.86832914521 -4.62389349758 4.13529946144 -3.4849703649 1.11350973149 5.82774236229 1.9815383243 -5.7349478186 13.5392025525 23.5406455903 -4.3244576174 12.4027813748 -12.3102982163 23.9271821213 21.4301481587 23.4126240593 19.668477895 19.0005581288
47 564 0 0.0 nan 7.54257502093 3.29604779495 9.34715689078 -7.86051142853 2.4697145262 -2.85923809428 2.95333719178 5.84568390066 -1.02824231875 -3.69508430141 15.6253349011 25.2666134061 -3.87687502153 17.0718516793 -12.8672098797 19.2633840186 22.1386371635 24.6478872623 18.4025096815 21.7186350949
48 576 0 0.0 nan 10.8623618728 8.55419137195 14.8229104962 -8.77784555992 7.51803662257 -1.08730457064 0.906387473791 2.64448173358 0.622146463177 -2.90538049706 13.6048782101 24.6061347879 -3.26837602805 20.0521588042 -10.3796873849 18.8522813511 19.5064382734 25.1670462632 17.3374627794 24.8227264703
49 588 0 0.0 nan 13.542740806 5.04255213929 18.9084567626 -11.3610102453 5.92405466374 0.505851195217 0.215330172706 3.32413596132 -1.20856499315 -2.32831550967 9.19334382634 27.6952842583 -3.27499347603 18.8199714737 -8.44337861442 17.8990541856 17.3006415414 26.003745961 19.4614520804 25.0197155141
50 600 0 0.0 nan 11.8953091668 3.76415197814 19.5195209759 -13.941788557 6.2646339276 -3.39354774057 -5.17779492916 8.70313428757 -1.46057497441 1.04669795824 4.48724403852 28.1099076749 -9.89128035628 17.350453648 -5.97458814275 19.418635829 15.7114115956 27.2048500126 17.3936706624 20.9449251213
51 612 0 0.0 nan 10.8848731376 -0.725104032856 16.2801727536 -14.5756637273 6.57983475153 -1.13024346272 0.487245763631 7.01986073983 -5.11241373474 1.06880156919 6.1177826811 31.8382807292 -9.56760514979 12.6876906487 -11.4799169869 24.3610568487 15.7013711465 29.8314888115 19.0022841806 24.5721173182
52 624 0 0.0 nan 9.74829622269 -7.03288465024 18.0655405977 -16.396634785 7.77389740252 -1.60285831667 2.16953618548 7.40765708265 -9.49368732972 2.01340352348 8.12655248869 32.8930768591 -10.5433186697 12.9640524755 -10.8241045251 28.1250998976 18.1495161327 28.0532541616 20.8683597217 21.8474167147
53 636 0 0.0 nan 5.75126098844 -9.15992459553 18.2658722194 -14.6581921666 9.93530956586 -0.040879669459 1.01826322155 7.58803981487 -9.88157404138 4.08458103714 3.65928407672 32.2415915037 -12.1608299468 7.85482440298 -11.6778523072 31.0221125011 17.1444854989 22.9325508648 18.5611758375 16.8020352365
54 648 0 0.0 nan 5.23585796012 -7.19240071526 14.4502236413 -15.3546012982 10.2705662059 2.50366807241 2.59794947819 6.93149733605 -6.70283145025 -0.686425865637 0.798303275774 33.1726039049 -14.5447923392 11.4464312003 -11.7878761837 35.0449020918 18.4840016072 21.565035449 18.2362301922 20.6745124565
55 660 0 0.0 nan 2.29216815658 -3.29268825034 18.4486537337 -20.32084318 5.18692401616 2.84258402656 5.20929134452 7.08582825987 -8.78450081872 2.95852952848 1.79125927587 32.924267649 -13.4599816447 15.6762206657 -11.2915160972 37.2541137625 18.5290806577 25.6313406118 18.0705763752 12.7980018184
56 672 0 0.0 nan 3.66004188258 -2.31036988407 16.3012178055 -22.9110023826 4.77164787186 3.13786560072 3.77880716591 5.57480441756 -12.7033780362 4.24319107372 5.31410152544 32.1656375357 -17.0455094734 14.5100292644 -13.0590960732 39.0258843684 21.201155639 26.0030836442 20.6454209844 8.05416533906
57 684 0 0.0 nan 0.837652405837 -6.50364334364 21.9105418339 -21.7218636476 3.02579956565 1.41005322789 3.98490422058 10.2255014414 -10.5063717636 3.25874514282 6.41748264074 29.2209401896 -12.894190657 15.8972827273 -16.3858639641 40.1037726675 18.646681953 24.2269956437 23.262903993 5.79561377729
58 696 0 0.0 nan 0.660894927192 -11.1312451655 28.5391917915 -26.9312317977 5.1245208655 4.14956565376 1.68995820898 10.3653344287 -9.20014018169 -0.725691194024 5.95623239677 33.3938882295 -13.897533999 21.4487985183 -16.6335308875 35.9644796996 19.3001520185 25.0022568821 17.9602399398 10.7480396464
59 708 0 0.0 nan -3.34611234937 -10.7426452821 26.785737368 -27.6363211926 5.87804407503 4.20053151858 2.95564179095 10.6726026966 -14.1238283805 4.89137492796 2.47359738155 34.4336176396 -10.6127430141 18.5768860742 -19.3447650102 37.2771886554 21.1520321413 25.6030034586 20.3011700351 8.74322458034
60 720 0 0.0 nan -3.41253384874 -13.8123393739 29.1998075339 -25.3881290286 6.72968545501 3.28348823432 2.56112964167 10.7263065499 -15.0679897748 6.43069996766 5.06068210923 33.4891483618 -11.6584107733 11.1282102008 -17.9507508615 32.3519782376 18.4581985427 22.7709890724 24.9826443777 7.7149282427
61 732 0 0.0 nan -9.0660020465 -14.8470868145 24.3838449744 -25.2274977989 5.70227642543 1.59102350489 -2.01237646212 12.5490803922 -10.9903872844 6.14421422517 3.97889660381 31.3264468242 -13.5281733606 10.1748915797 -14.868727421 31.1747787534 17.6585233049 22.0494137104 26.0139726002 8.04712127979
62 744 0 0.0 nan -7.12762027493 -14.4500519633 23.9095423943 -24.7635451231 4.65607623104 2.47706538325 -0.27753563391 12.0992823464 -12.3997297955 6.70255279344 4.74630691444 32.5756424232 -14.8975967204 12.5182319851 -12.9644288797 30.0385759064 19.1448833487 22.6649507477 27.5321265077 7.01259779548
63 756 0 0.0 nan -8.10306992006 -12.9764002256 28.1664768061 -25.7605975164 6.372962035 6.4162800905 1.7884725872 8.80929229673 -13.7089480386 8.86372325348 -0.620134767545 33.1271674564 -12.881604089 12.2600794507 -11.3197769953 24.5127078847 17.5468358484 24.4932579219 26.6972581832 8.585106725
64 768 0 0.0 nan -10.3201604156 -13.370847036 28.9860823945 -23.6602252819 4.8399068226 7.61377878705 -0.0228459590525 5.92853225216 -14.3090102683 10.4775620977 -3.0018902135 35.5588161199 -10.2866793769 15.0482422084 -8.27515297684 25.8096403917 14.3779563468 23.3500251412 28.6995807133 12.2786728556
65 780 0 0.0 nan -13.2223774232 -15.9548259684 28.6990124731 -23.1038190679 5.33790285725 6.90841086414 -0.257901098499 9.19214549218 -17.1470980504 13.2591970489 -2.44416692428 38.922548223 -10.3762831593 14.3497494966 -6.39266572637 28.0753821173 12.9155731675 21.2216505645 27.4637924947 10.4949701094
66 792 0 0.0 nan -11.1495177945 -17.3194517562 31.1098133512 -19.2022675985 3.00774730129 5.03658325592 -1.41564005262 11.1491200027 -15.6326707187 9.96308448831 -5.05349789548 42.5044582449 -10.1453385973 17.9704612545 -7.58211870611 31.4723387339 11.3541470448 21.323991516 25.8140979925 13.6072030103
67 804 0 0.0 nan -12.8038209937 -17.4036755382 26.4079277584 -17.8190913927 -3.0625933158 3.52754674807 -2.48316147223 12.8825799012 -17.3261441611 15.0547683628 -4.31954263224 43.115186659 -12.9639652465 15.7002138859 -11.9487416539 29.9792627768 14.5984135216 19.9025547759 28.5203917412 12.8203095854
68 816 0 0.0 nan -14.3199515882 -21.0858558336 20.6375334964 -16.6421406534 -0.201808704713 6.48626169148 -5.31071541041 11.2654416474 -20.2228616133 15.0358577376 -5.14039276419 42.9871940231 -14.5220789007 13.7758786708 -7.38431983264 29.1966328651 12.3875581587 23.9401684164 29.6692040545 10.4680367867
69 828 0 0.0 nan -13.6888500558 -17.5273990833 20.570278763 -11.0159429202 0.148381923252 2.79074101661 -5.54056005964 10.7583374376 -18.197030563 15.1689092392 -5.81926130852 42.3393041789 -11.449009064 9.23810990174 -9.60565841784 30.0019725375 11.8180735988 26.2069456932 30.2058409256 11.6954602847
70 840 0 0.0 nan -16.0040245507 -15.759118614 18.4353468027 -10.2493133199 -2.82683377986 5.76628464278 -6.45969153841 14.3932126628 -16.6915085437 15.8514612604 -9.28893787775 40.7995133755 -11.181767965 12.3659458428 -7.90047031081 27.9690128022 14.6259861471 21.6790346331 30.1244952635 7.54145494159
71 852 0 0.0 nan -15.2892079883 -14.1514858258 18.3507418255 -10.5402214949 -3.63421487438 5.76352415828 -7.96706644169 16.4610696156 -16.2766383384 16.4738366736 -8.39738798724 43.1910457765 -10.639988583 8.70542074636 -8.06387332236 28.1136236083 17.2319507884 22.3279738567 26.2263162902 6.3212818132
72 864 0 0.0 nan -20.1900697523 -10.7233857639 20.5325446925 -14.4459246957 -1.51938470469 6.05074190752 -5.33386209431 16.2985827506 -17.454505457 14.9479166848 -7.91538937062 44.3800797986 -13.5693742791 8.05798636541 -8.72374555129 31.7316142036 17.8869338566 23.1985377267 24.7615450709 5.63576216211
73 876 0 0.0 nan -18.4803925676 -12.252285529 17.5656178475 -13.5386308403 -4.94423602377 4.90562793087 -5.90112939701 15.6707427242 -15.5023958482 14.5688793686 -7.09138730169 44.1899221936 -15.9054197412 6.38663081682 -9.84929242486 30.5069144379 19.4458721806 23.8075795923 25.6177356185 6.59649022289
74 888 0 0.0 nan -16.36707598 -12.6089611948 19.3515678981 -15.3983669314 -1.73560893469 5.77980349535 -7.45281115498 15.2861033492 -15.3114038438 12.7447382496 -3.51967853687 47.5870687937 -15.7898581041 11.9764923875 -9.36321302809 32.8094451651 20.5745806209 25.2625258485 23.1781511076 2.75611340601
75 900 0 0.0 nan -12.1349760848 -11.6553842954 19.2001748454 -14.8169755929 -1.00932119795 5.72323887552 -9.75538999482 19.1079278072 -16.3333530618 12.3508437629 -2.42836771177 51.2820223404 -9.78738842658 12.2060839997 -7.1076500896 29.2745979248 20.2696394128 25.8258298757 22.8993277521 4.08348558427
76 912 0 0.0 nan -8.90607374837 -13.8395914577 18.5373610898 -14.8391711951 0.917891714857 5.83289805105 -11.8674407966 18.6814332921 -18.9998308794 12.0249003547 -4.23715321403 50.8427239172 -5.84478456233 14.8626683189 -7.43334612146 29.9256177707 19.9166192929 27.6416852003 23.161035861 5.91984891705
77 924 0 0.0 nan -9.7737980875 -14.6659256538 18.2357566804 -12.5566257006 2.60658341149 5.50343839407 -9.01569705558 18.9456290646 -18.7608314327 10.0973441997 -2.79587113151 49.2695073779 -5.75233324318 12.5128963197 -8.90142708454 28.8491069488 18.9331316216 27.4939735441 22.219222958 8.13044409127
78 936 0 0.0 nan -13.3788128814 -15.1484147358 18.8674372586 -12.7012327705 2.70315414082 5.23947692432 -6.94100470884 19.0913130598 -20.5033086665 12.3712861902 0.643844609214 49.1081842258 -5.14230654641 13.3584496463 -7.64299007134 29.567205806 19.2590514675 25.9167237255 21.8868753445 6.10285000816
79 948 0 0.0 nan -11.3865514717 -19.0095524274 19.5526321422 -12.2742123139 2.6529947697 6.02157459084 -6.68437147309 20.0283310665 -21.9454103873 11.6418412629 -2.61186761719 47.6926728769 -2.64935574076 12.9334639403 -9.40324076091 28.4376628533 20.050103343 24.2871770794 21.4510577467 10.4206363955
80 960 0 0.0 nan -11.699071886 -17.6844656173 18.0490964422 -10.6458725033 0.649902985753 5.61403098485 -6.44706309666 19.2198502903 -22.0999732988 13.7573209601 -2.53191760256 47.6411366511 -2.82177457318 15.7883299163 -9.9418410079 29.2269588982 20.6187588834 23.5474103555 22.1571022619 11.3481823077
81 972 0 0.0 nan -11.1371086024 -18.9746001273 19.6031100764 -10.6464441265 0.868718196934 5.49197539984 -9.37434759205 22.3953827116 -22.8788338821 13.1103882043 -2.54215779387 50.9511919702 -6.6917959716 15.021837502 -8.27523469872 28.0721853607 20.8281444318 24.1720495488 22.622389007 10.295105044
82 984 0 0.0 nan -10.1507777544 -18.9673085054 20.394288658 -11.3151442079 0.291949863032 7.37695506255 -10.4028887059 20.7791296739 -21.8067217454 11.9253378529 -2.60474409168 52.1269731419 -10.465688215 16.862484602 -7.09489082871 27.2501725145 17.7238188106 24.882141239 22.1305987148 13.54083566
83 996 0 0.0 nan -12.6506631743 -22.0430367289 22.1173938981 -11.7020340708 0.111554610523 7.94115761253 -10.5061605404 22.9141876387 -23.680595803 12.7309877854 -2.94226476752 51.2795154481 -10.1791363732 19.2127558234 -7.909024207 28.2403644897 15.3259581156 27.3572056387 19.8259402321 15.3178368168
84 1008 0 0.0 nan -12.6635594927 -19.1507158815 20.7692099069 -11.8108021654 1.04363570184 8.25257422367 -8.74645984374 20.7808011288 -24.7459135183 11.2296679948 -1.65691130873 52.7244854569 -7.34333491259 19.4126925138 -7.95783589939 31.9915152589 15.5172340284 28.5787211053 19.6441804955 17.1438074222
85 1020 0 0.0 nan -12.406240001 -18.3140320888 22.2663244602 -12.7095206236 0.215720119335 10.147896942 -9.11560260815 20.9849813112 -24.5637867284 11.6530010761 0.160356322943 52.3161767165 -4.87348604468 19.5504148035 -6.36403592491 31.4615396138 15.0223209716 27.2766089963 19.1995406977 15.8507922567
86 1032 0 0.0 nan -14.1690112113 -18.9104637027 21.2668264585 -12.5212536441 -1.47918542936 10.2447697503 -11.1748448284 22.2003607779 -22.2933476664 11.769454578 1.93280010964 51.0200492594 -5.4209566619 16.6343910305 -6.23391342008 32.6663386638 14.5806581457 27.4677651387 18.0250286214 13.7834403572
87 1044 0 0.0 nan -16.7465277767 -18.8850710613 22.6423328033 -13.5294601274 -3.15668896474 8.52697812578 -11.2570402405 20.3868119408 -20.9037482043 12.5974992647 2.64306500646 51.2137891838 -5.52526526081 18.5277888522 -7.25277662257 34.0945862479 17.1001649662 26.9695764667 16.3830050959 14.4690776032
88 1056 0 0.0 nan -19.2153243927 -17.8543251925 23.0761060794 -14.7135456113 -2.30721591277 6.94343453104 -9.41964549295 21.8188800597 -22.7041450943 13.0299239781 1.55137433857 51.4246264719 -5.5060513351 19.3920024981 -3.84494699483 35.2273084156 15.4930653778 27.5579907825 16.1470902474 14.2808508012
89 1068 0 0.0 nan -16.6357071879 -12.4947468647 25.4178541782 -14.1984164309 0.132067381422 10.2226495716 -10.543832659 18.6915373852 -19.2770544096 10.7573830255 0.850932732745 48.9499807353 -5.83046850536 22.4591377917 -2.02229458252 35.5904670704 14.5257658911 27.5099009419 14.2486583831 15.6266007089
90 1080 0 0.0 nan -15.6545757664 -11.2581195562 25.723970588 -13.9855056528 2.20409087928 8.20842173905 -7.94208842414 16.5817342311 -17.1414538953 8.73609306468 2.11859257783 48.799129137 -5.63433038656 24.1635663544 -2.75974957057 36.1672578855 14.5624217803 25.7938153494 17.0251163784 14.0460241169
91 1092 0 0.0 nan -13.1590316865 -9.92539534816 25.5760239464 -14.3414936468 3.2920625489 8.74885557636 -6.70348665427 14.4055084906 -15.5652885322 7.5177619148 2.43668572227 47.9264448081 -5.6669819072 26.3332627297 -1.62952715844 37.0185159689 14.1063266312 26.2104225774 14.6589711852 14.1110585734
92 1104 0 0.0 nan -12.66964396 -8.57875531254 25.1823931937 -12.7343382752 3.03945074899 10.7826365891 -9.6053106415 14.2510503151 -14.0684697676 5.90708699885 1.5431467849 50.482649265 -4.22741126497 25.9351552561 0.591404361666 37.7022475661 14.5296148015 24.9207657874 14.2224339278 14.6735128024
93 1116 0 0.0 nan -13.9831983004 -11.5742081942 24.1025947641 -13.075250897 2.37545774434 9.90343587378 -10.2916189206 15.0112345907 -12.4645301201 6.35833451491 1.91951631479 51.7059462983 -3.83318139628 21.4442205385 0.9107534001 37.0365380336 13.3111419437 25.5235749448 16.6540359673 11.8534621749
94 1128 0 0.0 nan -14.9029615458 -12.4605907399 22.7326916399 -10.3386690841 1.08844453544 10.948186862 -14.1603518887 16.2358045758 -10.1691246968 5.5852671395 2.19728263125 50.4099161493 -0.512173934143 20.4629705424 4.9660489626 32.7636383071 12.5801849866 25.4110611243 15.1936345774 14.1248038962
95 1140 0 0.0 nan -13.5466285134 -13.9702112263 24.761698683 -11.1366395203 1.01013021872 10.5656043362 -14.2398878323 16.6838976044 -8.14888667707 3.20301787755 2.2738447666 49.5442045456 2.73763162074 23.0198187431 4.41704797256 33.3559040062 12.4025941581 25.2666953926 15.4721541366 12.0560236735
96 1152 0 0.0 nan -12.5825715218 -14.0747333233 24.6287240472 -10.8540122195 1.53997186634 11.7179760733 -11.968329193 16.5092311208 -12.8919610438 3.39023935779 4.41843883276 48.1693493199 2.15027729982 26.7040292268 3.21343803676 37.1947149635 11.9491500981 25.5364116132 16.1532286608 13.8811791436
97 1164 0 0.0 nan -8.21189599503 -10.7113794529 24.7760777988 -8.23653171201 4.40728972333 12.5227801055 -12.0470457531 14.5582290945 -12.0337787584 3.03139975111 5.32194286931 51.4795651933 6.38468506861 27.7492501859 3.57982629169 39.645462818 10.6044338655 25.1290428795 15.3113860893 14.1822326841
98 1176 0 0.0 nan -7.09470470416 -7.71627676461 24.5865557501 -6.96989119777 3.30134182022 12.1223306972 -13.8771438313 13.9156962833 -9.29863022119 1.92856743767 6.46629616372 52.3618479247 8.33120786836 29.2922979415 4.26506097584 38.5616945351 10.0391184493 27.1112313447 14.6723674942 13.8987122148
99 1188 0 0.0 nan -8.81596486548 -8.24730968096 25.5722681334 -6.15007235447 0.286419376655 12.1760635606 -14.8247943789 15.6917298114 -10.1395767952 3.2256570978 6.72512167367 54.9068678684 4.594178108 31.345005936 3.31033837742 40.0638120351 8.6897332409 27.2963893125 12.5100437607 17.9066473619
100 1200 0 0.0 nan -10.1666869187 -7.8320713385 30.1385842534 -9.57148015374 -1.41955371886 14.0107609253 -16.9773249273 15.6135330307 -7.40381319443 3.27137513978 4.30678735202 54.3530431074 6.792654726 33.5572671978 4.25412915485 39.1873674266 4.40892543286 29.2074044277 11.5590712851 18.6601288386
101 1212 0 0.0 nan -8.49520720485 -6.91601503502 29.7607276914 -10.8096391313 -1.77252443943 12.6763901848 -17.5764826235 16.1453694269 -6.10170695758 0.647794772826 2.72326622552 54.0158880876 8.72072366825 34.2935850263 3.92865241694 40.948185144 2.93806404584 30.4643819324 11.5963834846 18.8576767934
102 1224 0 0.0 nan -12.7867848776 -6.34747573092 27.8901372139 -7.63931420301 -5.21697523855 12.2276470702 -16.1438682208 12.1906949068 -3.59394265802 2.83333593563 3.74322620612 52.8758019695 4.49882264784 33.7787622152 3.85305930428 39.7595534897 1.93720276884 29.0110291232 13.9858091897 18.2696721927
103 1236 0 0.0 nan -11.5533819346 -4.75094183087 26.7035985128 -4.56140911364 -6.29163204835 10.8614569026 -15.5667176965 14.5433834899 -4.46960788496 1.47476455501 4.19776556083 55.3817715002 6.23473241331 35.7784629301 4.00321182813 41.9158065781 1.87123197422 28.2929753729 14.6984767706 17.5080550309
104 1248 0 0.0 nan -9.33061772292 -7.77637205978 29.9161615731 -6.14369012938 -4.85099480625 11.5389571236 -14.9265290569 12.0299083651 -1.30330925981 -0.600060560889 2.73550018113 57.7537469821 7.71185274177 36.1833745765 6.59111295931 39.5490134944 1.77044792088 28.4709261024 14.7472783636 17.4276203694
105 1260 0 0.0 nan -9.90801939623 -6.65552450812 25.2747309643 -4.61507626824 -3.0798697788 12.6627357987 -14.9835475898 10.8925940504 -2.33064797633 -1.55904523391 1.37128493542 58.4230070949 5.03664528965 33.3599618735 4.17552617768 41.1383241168 1.84727946359 30.397469824 13.1714757172 16.7981306046
106 1272 0 0.0 nan -9.5445562275 -9.22971542572 29.3355573336 -6.32404025434 -4.03906903672 12.8154200286 -14.6245966113 11.5840651657 -2.11362585052 -2.13213776849 1.51466795913 59.6476320488 4.88494672984 33.4821217293 1.65283321202 40.6143745714 2.87509703638 29.0891123836 15.2339032734 17.8422888707
107 1284 0 0.0 nan -8.04439688722 -6.96314694832 29.9081654358 -4.50876342542 -5.44010266726 14.3636094425 -13.2826169714 9.22849936379 -1.39720718403 -2.48922185974 1.5333210756 58.7600469719 4.12581820318 33.2427990512 0.863898758481 37.6445766524 4.10487153888 29.2337968341 17.1804049263 16.1857029227
108 1296 0 0.0 nan -7.05491921994 -5.72287754982 28.2933214603 -2.81889423591 -7.49853833877 16.6477842007 -12.5899877878 8.37592132513 -0.701908081342 -4.49427684031 2.7487983747 59.8872073454 4.15383128781 34.6648459706 0.744543795954 39.0212297689 3.92994554589 29.7266909206 16.5154345973 16.5599864382
109 1308 0 0.0 nan -5.99300147658 -4.34840521199 27.3716832205 -2.97680316463 -4.78913909154 16.9522352377 -10.9724532331 6.60147204849 -1.5180700297 -4.02005026579 0.578868523505 57.6618617396 2.56337742032 34.335094032 -0.245471934766 38.1484856767 6.07014817635 28.4760610285 16.2791193672 15.4727618221
110 1320 0 0.0 nan -5.45131430267 -3.69529906753 26.5999926184 -1.99671170628 -5.16860151242 19.572404006 -10.9500614669 5.18634369218 -1.6970856505 -3.07883740893 1.99212710612 53.6027332619 4.76370856006 31.3090644717 1.43580058209 39.8291900087 6.08276344007 27.8328642285 15.460332535 16.2518168524
111 1332 0 0.0 nan -5.86948133592 -3.61710660289 25.6416872175 -2.5755906961 -7.47294572231 21.0013936296 -14.1479766139 5.013716425 2.39131265283 -4.96005477099 0.651126979624 56.9770647397 5.80227978684 32.0314304402 4.99600967319 39.4167152702 4.33335955128 27.4758375142 15.9014035698 16.4415865302
112 1344 0 0.0 nan -5.59800326371 -2.45199125919 24.4305774574 -2.2251347391 -8.37594219483 20.5124227658 -15.0170876767 4.39876668643 3.18808427976 -4.40543352861 0.0502020017711 56.3632686865 7.06724852914 33.6989143251 6.56295187363 39.9041100311 3.58411399029 27.2598381003 15.8352074184 17.7526545637
113 1356 0 0.0 nan -7.5540256746 -1.1611802352 20.3732689419 0.309870076526 -8.98655253317 19.47673138 -13.1984997703 5.40939493628 0.711997881115 -3.11372099572 -0.304121310439 56.911949432 7.10931611801 30.5065111885 7.50884270466 38.6706672452 5.93461356072 27.1050102076 14.178355952 17.5430692808
114 1368 0 0.0 nan -9.77420385831 0.157168431702 19.484537268 -0.801126927557 -7.86715430192 18.7038659024 -15.0768915427 7.14821142513 -1.99352199881 -0.497050465393 0.727775219501 56.763727419 5.3625490245 30.9213436086 6.66994406554 40.4181038534 4.20735483076 29.2824744908 13.6484809855 17.7064932501
115 1380 0 0.0 nan -9.46260152877 1.36407538595 23.6992160209 -0.722317350182 -7.0501195052 19.0393236057 -16.8636841959 8.20577016626 -0.629466684578 -1.59830793794 1.26745261928 57.803696038 5.18911819752 32.7863491204 5.17988299258 40.5640852192 0.727867202039 32.5374611578 10.8241780218 19.670675311
116 1392 0 0.0 nan -10.8605199257 0.759723490389 24.4076394726 -1.07083777888 -6.08159882493 19.185633293 -19.1395235444 8.40958502725 3.23697793593 -5.64248286279 0.696957512484 59.6554012975 4.66802237144 33.8162135957 6.54836640272 40.1212774021 0.67694914272 34.2745922821 10.6085866807 18.4483464999
117 1404 0 0.0 nan -11.5475247116 -0.784669095969 26.2915616052 -1.75797678098 -6.50140695099 20.1076398197 -18.76000362 8.61049246004 2.69571027739 -5.09653429711 0.633326075172 60.8131511159 2.45901308486 34.0312136106 1.78801222547 41.6574546207 1.12806246056 34.6302886583 10.9131244406 16.5947608532
118 1416 0 0.0 nan -11.0326635627 0.568455397499 22.924388284 0.166209680412 -6.41090421039 20.81654096 -18.7803948574 9.30979490174 4.40877229597 -5.27429115335 0.160728563239 60.1445199534 3.21015707435 32.2247671823 4.04386408764 40.5481851183 -0.322645424278 35.1200426606 9.45537680291 14.901342251
119 1428 0 0.0 nan -10.2069874558 2.92166575467 21.3717740396 0.0956520905671 -8.86769911208 21.0861694669 -17.5112931021 9.77293683502 0.626993464132 -3.31746559586 0.774506439244 61.6040999974 2.70907871548 32.9997043294 1.68475259082 42.2096985971 0.473451036177 32.6271080985 12.500324396 13.87710906
120 1440 0 0.0 nan -9.6013764646 3.81744578523 22.3087112477 1.15466093544 -8.34867562288 19.344726106 -18.5166807063 10.6761262991 1.55883960675 -4.77707541672 3.59933701816 61.8327327973 1.92259486893 31.8004167485 2.20657633454 40.802219897 3.74420113562 30.77232682 13.8880349971 13.3318103788
121 1452 0 0.0 nan -7.80089144697 3.76285172548 20.1625726373 0.249154870299 -8.52491889131 19.8778868718 -19.3772126011 11.7153693228 0.705960286794 -5.08315176911 2.7290330151 62.6620398573 3.71408504716 31.8641554155 2.97919844678 39.0957978652 6.75112418156 30.089147115 14.5074587363 13.6319196688
122 1464 0 0.0 nan -7.29723901403 3.66242279871 21.8249617346 -1.45397096117 -9.57714414068 21.1146214001 -18.4693817166 11.1989833681 0.882953133523 -4.98268008647 -0.0480080765038 63.7053532603 5.27724907301 33.729786691 2.91508267795 38.7458662761 4.74699244306 29.8970034554 14.8798201211 15.6409270675
123 1476 0 0.0 nan -7.8224300148 2.98196378696 21.2386408166 -0.179237828905 -9.32919094999 18.275111005 -21.3479907765 12.3839786679 2.70181455961 -5.29717263897 1.06083163375 64.8831753186 6.82086947684 36.2577135081 3.72565928657 39.5387138909 4.06463626962 30.8364716634 13.9516188555 15.2875017727
124 1488 0 0.0 nan -7.80782658054 2.53253398739 18.9325814108 -0.888976055617 -11.1983060851 20.1923715104 -22.8644448011 13.8966583917 2.50474518902 -6.02087030082 2.5501719759 65.6793755721 5.40037627091 36.4989648313 3.92200806101 42.8721543325 2.09299242616 31.5705552171 13.1279487682 15.119976941
125 1500 0 0.0 nan -8.37275859715 4.83097600704 17.6895285255 0.767759501546 -10.3307117711 20.1236851324 -22.6026362844 14.3347180214 1.20560200117 -4.76400835339 2.85648529608 65.0498422793 7.5146124524 36.6542387858 2.05089675115 42.0305546636 3.83666304594 31.3919009086 13.4305395487 13.1571087992
126 1512 0 0.0 nan -9.10156185211 3.37316746835 14.8969605671 1.50929599898 -9.81870442134 18.6930126952 -23.0215096205 13.6528200059 3.72469471631 -6.32069280134 1.0732848885 66.5828114157 4.39729421566 34.9358383219 1.16295664128 41.2363291282 4.40649004387 32.6482647493 12.3495676754 14.7541942153
127 1524 0 0.0 nan -10.2620989879 3.45596153814 16.6911320124 0.440152627851 -8.73624559554 18.7494426306 -25.0261333322 14.8150730601 4.12693992824 -7.43504863928 0.3931316023 68.3621993353 3.91586830089 36.6374474075 1.19521858889 41.5752706644 3.47864272268 32.5394818113 10.339864031 16.9020640247
128 1536 0 0.0 nan -11.1300198774 3.56285636935 14.7174222039 2.09767317632 -11.0793067266 18.5460698643 -26.3607682929 16.1133843911 4.53051650805 -7.01176172881 0.87594031526 69.2855741736 6.50805576869 35.6227580337 1.97434409095 41.7065825069 4.29293531281 33.1778160246 9.4098377952 16.2461345563
129 1548 0 0.0 nan -11.6721911207 2.54529990531 11.843715979 2.10155629265 -10.453216376 21.3314574587 -27.3175388607 16.3574731312 4.28438611102 -7.56053078917 0.582894930033 68.3998231688 5.79047159951 33.6266863106 3.60129198479 40.6167943686 4.00945879675 33.5002211219 10.5138618618 15.5895911361
130 1560 0 0.0 nan -10.8214223021 2.05144517402 11.4489343983 4.07774433806 -10.6213583032 20.8735621276 -28.1158895217 15.8523904897 4.32006247058 -6.879789815 1.18538362091 69.4088494705 6.26918959946 35.082243278 1.91223855283 41.1470365613 3.32172367929 34.7423033511 10.7921015579 15.3042548562
131 1572 0 0.0 nan -10.7656718052 1.52123742196 10.3320756975 4.33949690916 -9.95548988528 20.3189790796 -28.2814828025 17.8553407211 2.04844468751 -5.54029654712 0.628773120275 69.0789255738 6.91647406806 33.5771928243 0.210683489738 41.4613974266 4.92887723732 34.1395084519 11.4735776613 13.1125388122
132 1584 0 0.0 nan -11.3188032109 1.22211935822 10.338516264 5.12470820097 -8.79734696513 20.2271044553 -28.4162928293 18.4577834057 1.75496474343 -6.54855211947 0.517936399618 69.6193467494 3.70838553781 32.4110406474 0.62246273584 41.6964574049 2.28053343705 34.8775756738 12.3104501227 13.6206753937
133 1596 0 0.0 nan -11.8483435734 1.13113283082 12.7507715895 2.48539237315 -8.67010121041 20.387587146 -25.6598901264 16.0656389987 0.965327179124 -4.58637804465 0.246313249965 68.6970285048 1.7221005248 33.0526635234 -1.08957015712 42.3702849657 1.99360114494 33.4061126972 14.4143732879 13.3262851723
134 1608 0 0.0 nan -12.8837582728 0.993055850911 12.028721167 4.14616737548 -7.79128667201 21.185939399 -26.659449497 14.5003175274 2.59148111048 -5.01892759124 1.03645360426 68.7786970978 1.98234121038 31.7380157813 -0.609326536055 40.9939668861 3.00459176223 33.7946790299 13.6108352881 12.5619120912
135 1620 0 0.0 nan -13.995228856 0.115870743357 8.27476070996 3.85607049859 -8.31338078579 21.4100196648 -26.2109678617 15.5138286323 -0.51508018913 -2.33706164351 1.41095718984 67.6024166072 0.881132882426 30.184021426 -0.185398748248 39.2911895054 5.55830868325 32.4253863525 13.9743833456 13.4473628973
136 1632 0 0.0 nan -14.7522366481 -1.52517003941 11.1727398374 2.82510319867 -9.25486797421 20.2977028517 -26.3113490086 17.5869265137 -2.81153472596 -0.663657400086 2.14217248218 68.6240627299 -0.293511128401 31.4725775606 -1.04933770623 40.8865592818 3.71086916111 32.5962456824 14.2931633924 13.4904169671
137 1644 0 0.0 nan -14.072147956 0.0105636065185 9.49765491961 5.49628882019 -9.450814332 22.1824176833 -26.6327277593 17.9005197552 -3.40835595983 -1.70724023447 2.65799816562 68.9734832822 1.85899269847 32.578448012 -1.62326400125 40.2521780462 4.99536909238 32.639068801 14.1994326542 12.6291652312
138 1656 0 0.0 nan -16.9461499947 -0.342737304015 9.64546319897 4.96632578398 -9.202739883 22.1817091521 -25.8356843357 17.0514016601 -3.3853333105 -1.05335785031 2.64656780585 67.9327850362 0.126803563694 31.2136163754 -1.32408866545 41.0062677113 4.14435456074 32.8896067636 14.4767526633 13.0527302393
139 1668 0 0.0 nan -18.5235489054 -1.75460489412 8.85610666163 5.77994705668 -9.68484489287 21.9374122206 -26.4586589412 18.4816525184 -4.3437647601 -0.775391238819 1.42094128706 67.7812295962 -0.195524131269 31.5963760065 -1.01642918176 40.9748818021 3.2712744248 32.4829290906 15.2321144017 12.9117192363
140 1680 0 0.0 nan -19.3336920069 -1.09948082304 8.21467989978 6.49794034598 -9.22438953299 21.6352984644 -25.0816979369 17.2263335169 -4.74404902287 0.3519685191 0.685813189112 66.7804902627 -2.34149550696 29.7833863107 -0.258928465697 41.4631368828 2.72946866924 31.475343434 14.8924944015 13.584580092
141 1692 0 0.0 nan -17.4713792219 1.19026744315 8.0544219609 6.8832692842 -8.53076005981 21.3320336337 -24.3323983608 15.7606180158 -4.1528942888 -0.0552821753576 0.291956317214 66.9261706033 -0.296768964132 30.2299619145 0.137331063249 42.096209369 3.9645177273 31.3565148716 14.863207889 13.6323433895
142 1704 0 0.0 nan -16.633721471 1.47810276134 7.89287837579 7.91815355704 -8.77731735641 21.590797508 -25.1829402586 15.6339838134 -2.7975397809 -2.27246069093 0.619511427818 68.2470461688 0.754722563344 32.5349890011 0.0917376478963 41.5824110549 3.95588526497 31.7621524238 15.485745425 13.639057459
143 1716 0 0.0 nan -17.3257680637 0.69451015095 9.77007968726 5.97312171365 -8.73620733909 21.5379251055 -25.4118352317 16.1209690598 -3.27307890109 -1.72668346132 0.00216361827574 69.0301334726 0.727510384183 32.8947106402 -0.776109170517 41.5393064711 3.07189343893 31.7563441064 15.8607115167 14.2755298782
144 1728 0 0.0 nan -19.835804037 0.899330222092 9.52153617159 6.53090268073 -7.93491350667 21.9545459747 -25.8949837847 17.22419184 -4.28811590368 -1.29955142261 -0.0317364502492 69.8433340178 -0.67172114486 33.2310805497 -1.0012689383 42.4188634573 2.99880714053 31.6057578844 15.1494786261 13.8646794925
145 1740 0 0.0 nan -18.799898468 0.761025216386 9.53161270283 5.85819733287 -8.39801141873 20.9011786962 -24.4373195622 17.0144528579 -5.13907992096 0.0709774727091 -0.806647110928 68.716750667 -1.94052442025 32.9751822311 -1.22944864987 42.4296080321 3.38676388396 30.8615620678 14.6501830414 15.2134662232
146 1752 0 0.0 nan -19.8659261261 -0.890091623301 9.13418862786 5.15179046842 -9.49127894459 21.8846440715 -25.4380333791 18.3496057986 -5.83876024194 0.0577865387568 -0.365314589313 69.6953182927 -2.0305733197 33.3036145752 -1.13783865987 42.1891394641 2.43658057634 31.554027766 14.9188826742 14.6242401487
147 1764 0 0.0 nan -20.0342047804 -0.185927964456 7.27656865208 5.63570923044 -10.9172733509 22.2128615721 -26.9231793018 19.8167050028 -6.07830354665 0.723001760972 0.156259936455 70.1147905603 -1.93043165107 32.5312974973 -1.23604933001 41.8467097403 3.36260305854 31.2696987807 15.496571361 13.9228679465
148 1776 0 0.0 nan -21.4339808718 -0.285466691714 6.80794884608 5.02842191609 -10.0269570764 21.158540189 -26.0702506181 19.7485664426 -6.63817831985 1.40628227955 0.347121033937 70.491989141 -3.20646480713 31.8489103433 -1.91248028682 43.1674230083 2.66799424325 30.9941266838 15.5895913733 13.4999930382
149 1788 0 0.0 nan -20.7199399729 -0.523405394956 7.22819585872 4.60420750122 -10.8553161819 20.848741734 -25.7793500708 19.7762642469 -6.25715953327 1.18048505108 0.969598668507 71.2411872356 -3.40434038773 33.5430672644 -1.98884109045 42.8170705865 2.54385408051 30.8474970704 16.2474985225 12.8623033265
150 1800 0 0.0 nan -20.6139881733 -0.705315444472 7.63334610067 4.64782781627 -9.74896327374 20.1205337127 -25.1830062623 18.7072163127 -6.284493504 1.87195168072 1.37641483543 72.4139083373 -2.84487404704 33.8799126183 -1.60473207537 43.3256077804 2.66086490902 31.2039734502 14.9867414938 13.7121392923
151 1812 0 0.0 nan -20.5766835228 -2.16141401311 8.93748039588 2.77447471684 -9.55576272541 20.5142073983 -25.1072886905 18.7281964829 -6.7328891782 2.02543252799 1.50995159783 71.1886550201 -2.35643341094 34.0051537478 -0.196033158959 42.4218076709 2.164426195 31.3863190379 15.210255624 13.9098908074
152 1824 0 0.0 nan -20.0109361044 -1.19229275635 8.49307920681 1.59769015108 -9.28008964522 21.5708236403 -24.6079824958 17.9926952884 -6.70124835901 1.63070872364 1.63411051774 71.0121878844 -1.60465823191 35.448674285 -0.0254077763761 42.2605739912 3.5539609418 30.8296587727 14.480422365 14.0049575036
153 1836 0 0.0 nan -20.3179110087 -1.71240634532 8.2564621023 1.22428986818 -9.25943229135 21.3056324319 -24.7961340777 17.0306973655 -5.62082397556 2.12690477396 1.12494859706 70.3331183525 -1.80462845431 34.4902630731 -0.420102019281 41.193910529 4.406257885 30.4421015369 14.6200856204 14.8150623145
154 1848 0 0.0 nan -20.0687920782 -0.819964231318 8.69988435641 3.1077667952 -8.7127445732 20.7814898945 -24.5852777426 16.8268023624 -5.50600097678 1.81121496106 2.00047434171 71.0528101855 -2.44317284677 34.6089360735 -1.19557328092 41.1301824219 4.2648841282 31.3695697527 14.5024150536 14.2607669278
155 1860 0 0.0 nan -20.6420168988 -1.53288454055 9.04507731228 1.9148026444 -9.31728247376 20.7249474303 -24.4105781316 17.5948014607 -6.12307400263 2.0487901444 1.85906599751 71.0407865913 -2.2246297018 33.7565693612 -0.691143815797 40.7557213292 4.34869475822 31.360285224 14.4778358425 14.0164875243
156 1872 0 0.0 nan -22.2493465097 -2.02126253514 9.40859985193 2.57212783467 -9.09283399908 21.2335570709 -24.0278967596 17.2143295815 -6.78549901737 2.56484245037 0.74717211426 71.1648134444 -2.70629690897 33.5305263786 -0.407068697536 40.9902428403 3.93260271464 31.1283744059 14.4300919752 14.3665068798
157 1884 0 0.0 nan -21.8679734506 -2.29771035852 10.2259577956 2.40795486072 -8.9898413486 21.4173454714 -23.4704818312 17.2208862663 -7.17607119857 1.96390708668 0.93641646223 72.203621323 -2.83475689996 34.2685296733 0.722664454565 41.7795345054 2.88025466841 31.4291523095 14.2866080598 14.6216678972
158 1896 0 0.0 nan -21.8549749861 -2.50607532534 10.5130887218 1.6899601873 -9.33220551286 21.3551308159 -23.4300819869 17.4399091236 -7.25830055908 1.92691668843 1.30705400108 72.1485455533 -1.62966897247 34.3738340749 0.29497199939 41.7210373796 2.83146351333 30.281003205 15.1925286185 15.6174054203
159 1908 0 0.0 nan -21.7114468794 -2.74334019488 11.5420900964 1.98291912649 -9.06558496777 22.0639048672 -23.4796671436 17.6608219436 -7.82917192487 1.7116834603 1.29950559968 72.4921863628 -2.28628356119 35.0742557261 0.322433666876 42.1317063565 1.54213700262 30.1045107509 15.9971591238 15.4635686786
160 1920 0 0.0 nan -21.9550826733 -2.46396353545 11.6769982866 2.18682289394 -8.7473152109 20.9525554869 -22.9054791395 17.0480556958 -7.18647197336 2.11574560485 1.36909039168 72.736408693 -2.89947427322 34.5009743 0.0927433920686 42.2683846422 1.75751964432 29.4171801174 15.8940406528 15.7975133519
161 1932 0 0.0 nan -22.3431382905 -2.34484851486 12.3500425901 1.55843849123 -8.89408077865 20.3277753368 -22.7982545606 17.5866334154 -7.06241825786 1.92679585093 1.35908766529 72.744228675 -2.4371671451 34.9490868865 0.47444389469 41.7153801743 2.44205278336 29.3134072853 15.7110043439 16.0499669621
162 1944 0 0.0 nan -22.7709317719 -1.69426909988 11.2809032594 0.395658165547 -8.68322573969 19.9569072019 -22.9482615762 17.8873755944 -7.24159572663 1.87395801228 0.576458100644 71.9908803359 -2.27654582058 34.4086759936 -0.257244277903 40.7382039404 3.94956390766 29.5428216395 15.3487371852 15.9643675175
163 1956 0 0.0 nan -22.6763636363 -2.19918225168 10.800866993 0.660112710549 -8.65196070646 19.622287446 -22.2098260868 17.3263280139 -7.34502762106 2.37343669633 0.260862655714 71.9799977091 -2.45577686509 34.1810894427 -0.717528318381 40.5757939919 4.25580370291 29.0493298784 15.7815545159 16.1250034154
164 1968 0 0.0 nan -23.3224109487 -2.10716138084 10.3752102131 0.664397947483 -9.09411175364 18.8028471365 -22.3010994557 17.4009051469 -7.14277256785 3.02528113962 -0.16633252474 72.5948905166 -1.15278321285 33.7689289392 -1.07073874583 39.988875187 4.87482565424 28.7005112324 16.030271943 16.0384370129
165 1980 0 0.0 nan -23.466171414 -2.45143216135 10.0418652641 0.210623003105 -9.93568808268 19.579103086 -22.2511211963 18.2812794095 -8.63871922491 3.56566740844 0.0847408571462 71.4571881215 -0.544466125367 33.5293686757 -1.16409106363 40.258348251 5.11657581053 27.8392829291 16.5817552995 15.8093481532
166 1992 0 0.0 nan -24.0074816935 -2.36220295414 9.14341623083 0.550334587598 -10.3006491782 18.8723903725 -21.4301515312 18.3565732236 -9.52037623992 4.49620068184 -0.602021563607 72.4063864158 -0.165159574168 32.2164315522 -1.71745284824 40.4405004652 5.74925859775 27.7496405607 16.2319405003 16.2882948977
167 2004 0 0.0 nan -23.3122367937 -2.05960249859 9.51629194704 0.542404034854 -10.3471555211 19.5289777967 -21.4930571185 18.0757380164 -9.39471697799 4.1634378045 -0.605106158994 72.383960463 0.562384754847 32.2454929749 -1.33951284717 39.8360952988 6.36053542203 27.8209924799 16.0123496724 16.2003639307
168 2016 0 0.0 nan -22.4518645468 -2.05684830482 8.64477144229 0.340058895918 -10.3786493982 20.2786923191 -21.1764925568 17.053095796 -8.41368133578 3.6262499369 -0.561115441294 71.9655927455 2.05480957294 33.0424304727 -1.54881854833 40.0827729693 6.43376926329 27.6423924166 15.4514732592 16.0732651534
169 2028 0 0.0 nan -22.634488839 -1.76449737717 8.07919771328 0.107298823494 -11.357794812 20.7495513167 -21.4780124664 17.2447485789 -7.7555946616 2.69894994568 -0.348161058546 73.4332560984 2.36913528877 33.6469091988 -2.04028976598 40.2780141298 5.96435319053 27.7747503683 15.423898888 16.5387744296
170 2040 0 0.0 nan -22.2087320363 -1.23709480721 7.52883956727 -0.275787264997 -11.7428875456 21.3950850552 -21.2127398487 16.6049593363 -7.2589343901 2.24244792919 -0.408847901886 73.9246497684 2.92422880565 33.4486910482 -1.50161906554 39.9916973959 6.09591881992 27.8168284896 15.738498427 16.4905134253
171 2052 0 0.0 nan -22.454735299 -1.47225832714 7.75725707784 -1.33615413851 -11.8986928416 21.9696575703 -21.945518378 16.9021814482 -7.47468960064 2.62267461503 -0.531931820934 75.7863627198 3.27427138371 33.7898354001 -1.37671711813 39.8763076164 5.93739443321 27.6893226447 15.698014265 16.8382888183
172 2064 0 0.0 nan -22.6776585935 -1.97262840027 7.45125367224 0.129185681154 -11.5391679876 22.1244039556 -22.6430849416 16.6386680079 -7.02220563521 2.3529719924 -1.16590783669 77.5192963142 3.67817914998 33.1328690547 -1.09492462942 39.7111400596 6.49313571804 27.8775721288 15.4574116255 16.5876868437
173 2076 0 0.0 nan -22.4794989687 -1.264885133 7.36814613708 -0.466292654909 -12.4103034545 22.4520127496 -21.8111971461 16.0816201683 -7.25157703246 3.19267994484 -2.06526820979 77.7734907003 3.59455785333 32.1361853719 -0.120893918452 39.6491375601 5.63633651295 28.0385600338 15.8024511565 16.3210612959
174 2088 0 0.0 nan -20.45633179 -0.9487059506 8.53196596846 -0.361825839842 -11.9156583077 22.3456880699 -21.2125011511 15.5425486957 -7.56640400745 3.38332206471 -1.66841503691 77.4450246834 4.21916142922 32.576756959 0.271218382102 39.6801438041 6.26161600072 27.2839752225 15.7944857739 16.265649605
175 2100 0 0.0 nan -20.1157033871 -0.421249646676 8.67217489783 0.681449656723 -12.2189490913 20.8064002939 -21.1328610658 16.1766260854 -6.9156332107 2.5563489328 -1.06609243714 77.3885465702 5.61907919907 32.2437031957 -0.70444940461 39.2239724827 6.01103127711 27.4688710145 16.7988384812 15.3906219614
176 2112 0 0.0 nan -21.2326679685 -1.42509816047 9.15196621001 0.359492753335 -12.5043627482 20.1689517538 -21.3520045106 16.5405523735 -6.74920835857 2.49627358536 -0.988629837294 78.2913661733 6.21002100886 31.2207900491 -0.949141607112 38.626861317 6.91099096005 26.4554127727 17.485583332 16.2181446758
177 2124 0 0.0 nan -21.9210185999 -2.76964966927 8.05811511082 0.947095627147 -12.9246702288 20.2423359359 -21.8074442044 17.2922429748 -7.38987372159 2.96430873915 -1.14947657237 78.4157117236 4.56318034931 29.5641828315 -0.425612219092 38.9086684034 6.84024661423 25.6780394974 17.9894444597 16.6538982707
178 2136 0 0.0 nan -23.020345826 -3.37398243757 8.43708150115 0.631291655232 -12.9378472812 20.4503974257 -21.0398407586 15.9348751559 -7.17700904293 3.19219463659 -2.15438404592 79.7284364892 3.91104860413 29.4247588553 -0.634549402211 38.5039846214 7.43320101822 25.1234866044 18.3348609987 17.502062173
179 2148 0 0.0 nan -21.9946075864 -1.08723466991 7.63196873802 0.833855338303 -13.2058135591 21.7662712937 -19.9349776587 13.9950622013 -6.13348325282 2.35449211378 -1.09262575438 78.3268602839 5.40655538608 29.5011246228 0.0339043594776 39.0560894071 6.29500695639 25.5635152152 18.1515424289 17.3684490812
180 2160 0 0.0 nan -21.2806386378 -1.68136322837 7.00734782494 -0.0644647938493 -12.5413430643 21.2828963589 -19.3067907339 14.9682534138 -7.62690101134 3.10660348181 -0.754928813969 78.4610765828 3.81788048044 28.767469388 -0.421275682772 38.8404060093 6.41415850421 25.1498878403 18.3429636375 17.1815306126
181 2172 0 0.0 nan -22.2167411476 -2.52230757563 7.37489417358 -1.09825364845 -12.1052887058 20.9023244872 -19.7162727785 15.1013978358 -7.62385661299 4.1179401703 -1.57872846606 79.5958606899 4.83650946496 28.3541464507 -0.393716056839 38.6472201085 7.56059495332 23.5308923499 18.6583650239 17.3273022104
182 2184 0 0.0 nan -20.0155299027 -2.03555299497 9.38892675958 -0.905911865329 -10.8514528481 20.4665626213 -18.9250252308 14.4919425323 -7.97343470615 4.15017830381 -1.23161816339 79.5970285824 7.22120797068 29.2414420835 -0.589092734145 39.7433307198 7.60114017248 23.1579348901 17.8849224325 17.8058235505
183 2196 0 0.0 nan -19.5855381802 -3.23500816344 9.74297141344 0.0540537906093 -10.7658805249 20.5829532728 -19.4154530889 15.3079808772 -9.03411430543 4.77338655031 -2.04496230768 81.4089873589 7.18163262021 28.2187264143 -1.70460642088 41.1534858462 7.27811134038 23.1228162176 17.8854705115 18.035206421
184 2208 0 0.0 nan -19.7315510764 -3.37417130347 9.99185648569 -0.103742119195 -10.9302650148 20.0709835244 -19.8296456719 15.3273797947 -8.43961124147 4.73331184962 -1.35569122477 82.0094661303 6.44330541109 27.9795994671 -2.61104559817 41.0866870536 7.36457276366 23.0557556766 18.3862019673 17.8018603085
185 2220 0 0.0 nan -17.9614452557 -3.95236300671 9.68909943109 1.00496890395 -11.196113432 20.3427750211 -20.5015956519 16.6279150361 -9.26028064704 5.00791433483 -0.920971568515 81.7202877719 7.07075324907 27.9999812308 -2.69610140425 40.7247347399 7.63952290524 23.2923599227 17.5490220264 18.2292127976
186 2232 0 0.0 nan -17.0685884416 -4.40183335434 9.15313995281 -0.130584411263 -11.333900997 21.4375645631 -20.2076522084 17.0690246667 -10.4243946298 4.91100148715 -0.976740046765 82.7151224439 6.56427570377 27.7936181962 -2.63369666298 40.4462598975 7.72845178145 24.3035875886 16.6424049418 18.4800597135
187 2244 0 0.0 nan -16.1801960974 -3.63000961364 7.17972256112 0.493160610426 -11.5820893712 22.2388438743 -21.4932355729 17.4779273273 -10.3060324884 4.96913306728 -1.89200712784 83.2689189548 7.27282795802 25.2000960002 -1.53575235323 40.6904543468 8.72054505758 23.2803004674 17.3378734394 16.982065489
188 2256 0 0.0 nan -15.225977088 -3.37382516589 8.87800692299 0.993487579645 -10.692533755 20.7833528409 -20.8698570799 17.8176939919 -10.93803305 5.90789452635 -1.74788041041 82.3044557952 8.08327922388 26.647319921 -1.97839846399 39.8787386132 9.11618047018 23.5310217525 17.6168996356 16.9479953825
189 2268 0 0.0 nan -12.3563760222 -2.39349507281 9.66551940581 1.47771954501 -10.1303851429 19.8520294042 -19.3975486167 16.9609461187 -10.5817596441 4.95354126259 -0.835005839632 81.6780243532 9.11830614552 29.0325189896 -3.38226213375 39.6707824602 10.0968840175 25.2549022943 16.529814506 16.1286678996
190 2280 0 0.0 nan -10.7702545267 -1.44793833833 10.3915757169 1.65287483422 -9.76285546189 19.4517474916 -19.097702892 16.4484926947 -9.97250332956 4.66822653823 -0.768474925921 81.794759417 9.765168385 27.6981506023 -1.98005445505 39.1662636865 9.52798485811 24.579244767 16.4770831997 17.2701331151
191 2292 0 0.0 nan -10.4110154254 -2.55839980251 10.3345998069 1.89515053449 -8.70099943691 18.5854451397 -18.4455320682 16.4897882692 -10.8386365791 4.95378304473 -0.999238806837 82.5485384216 9.79268496541 27.8556851777 -2.65359173155 38.4815623829 10.8056494532 24.3510621094 16.5920298135 17.2521143235
192 2304 0 0.0 nan -10.4137897459 -1.61442944343 11.0918314687 1.02183502675 -8.62758354554 18.2168364827 -18.3933526222 17.294039142 -10.2572030336 3.79529877853 -1.19564787135 82.9745208314 8.90402467565 29.605700616 -2.05793084606 37.9215773941 10.1064063282 25.5048853947 15.9620387714 16.6916261347
193 2316 0 0.0 nan -10.2428922721 -1.82317363253 9.40545486379 1.36446514846 -8.49230093903 16.8246358402 -17.8009814141 17.6011072101 -10.4467675249 4.24313991861 -1.64977697783 82.8610119141 7.81628640682 28.3447529791 -2.55931404625 37.6064933871 10.3607091903 25.6043894849 16.3721411225 15.9340705318
194 2328 0 0.0 nan -10.6510292605 -1.18807137848 7.68040543258 1.70272422606 -8.7915863626 17.4961396754 -18.181069177 17.1975888173 -10.2048073381 4.13135736374 -2.10944411946 82.6950915803 7.27528935625 27.9429140836 -0.97972710981 37.7110082885 10.0577972786 26.0337944723 15.6260774344 16.5639791938
195 2340 0 0.0 nan -11.3036642338 0.424836215109 5.25918588147 1.35149337351 -9.95628839575 16.8047195217 -18.8445233747 18.7231981336 -10.736764221 4.1894768163 -0.445639131971 80.770919173 8.54469992251 27.4614148621 0.65972106131 36.6849694903 10.5263217465 26.6488485106 15.2437867264 16.2359416273
196 2352 0 0.0 nan -10.6738647199 0.894390167396 6.46135631498 2.53870684285 -10.5795469024 16.8961086158 -17.0782790259 16.4684403209 -9.31058309731 3.64857761915 -0.903539972576 81.1451798973 10.5397773139 28.7226820216 1.45657033857 36.5124709318 9.12691335757 26.6441765944 14.875362445 17.6211704576
197 2364 0 0.0 nan -8.39776159769 0.922381799719 5.59749047407 3.11156767614 -9.22452230945 16.4489589253 -16.8379543674 15.9828290151 -8.36887891286 2.41932035313 -0.874652525696 81.5852690695 12.7688375656 27.4490023539 1.85875642576 36.0221274892 9.56957975823 27.9923737354 13.5151267809 17.4530243064
198 2376 0 0.0 nan -7.10723088437 1.3876428048 6.24637916147 3.65055773944 -9.03235732389 15.724001417 -16.5841014547 15.9827286694 -7.42545992658 1.05187822656 -1.43891184679 81.9283720846 13.2532826803 28.3698357335 2.20842282017 36.3654287919 9.06438987569 28.3338542054 13.3893758893 17.760345193
199 2388 0 0.0 nan -8.5535762928 1.36767030327 6.60370360025 4.12679698233 -8.89606339632 17.1691344725 -17.0532252606 15.3604469044 -6.97262720379 0.65769554069 -0.704560842353 82.1630800473 12.6888797188 28.6086998969 1.33113947374 37.080545871 8.78655987466 27.3409555868 14.0131742839 18.0787262438
200 2400 0 0.0 nan -9.87577921043 1.03322165243 6.05178260655 4.57359226233 -9.12002049799 15.7055407124 -16.9032244018 14.7726906179 -5.77963077393 0.629036892039 -1.03371772826 83.8928816123 12.9146204532 28.6251989608 1.41296310532 37.4281691491 8.61943581528 26.7382564049 13.9133536414 18.8200004384
