% # iter+eval+sigma+0+fitness+xbest, seed=1068068, Thu Aug 17 17:07:08 2017
1 12 0.0938610035799 0 1.52724599525 0.811823728617 1.09051829829 0.977049242593 1.06769117634 1.07317642285 0.960295328571 1.06028200465 1.16779746217 1.15488338258 1.06126207596 0.93236212997 1.06372277631 0.996249822648 1.09844181622 0.907041245463 1.12153063811 0.955262269561 1.02834297145 1.043203681 0.916269636854
2 24 0.0955092888313 0 1.50936354286 0.791882046793 1.09203015485 0.958413540496 1.0335706184 1.03026009108 1.13426664108 1.07940865358 1.29246311098 0.989519740744 1.19994450572 0.96847771504 1.05120806553 0.789302306161 0.922485215801 1.00092473283 1.08403644559 1.06831222785 1.01344563935 1.29530453839 0.86517582248
3 36 0.0998111955667 0 1.50323207569 0.737216578166 1.23631022509 0.957077108139 0.974853510047 0.87939464285 1.17867037225 1.05278170073 1.4089976625 1.01371834325 1.20790304083 1.0846236028 0.876582887506 0.905322092563 0.892995002507 0.965061753723 1.17664736484 0.954302532404 1.09084039169 1.15663358692 1.04885724903
4 48 0.109424930959 0 1.47745932607 0.794310313969 1.27422418894 1.0420214483 1.01509469358 1.05347527774 1.29337822508 1.02113473893 1.53773301904 1.04217471626 1.36941643619 0.821634995955 0.787169645294 0.855835252589 0.909377126003 1.0179479587 1.05819088231 0.93316831945 1.23948799143 1.2710613957 0.945023448764
5 60 0.125479254138 0 1.45529946892 0.625896696457 1.07098482853 0.796456081427 0.886730745762 0.953325322365 1.61064542677 0.935714429733 1.48252768594 1.22723126636 1.53934012857 0.871537550417 0.847918686168 1.19007547306 0.910718595853 1.06220663348 1.00157511583 0.88841302499 1.39525479066 1.29550305631 0.903343916041
6 72 0.140773823667 0 1.43793431682 0.63389886068 1.07348296169 0.979825886949 1.0243212758 0.959308761521 1.49680875461 0.97778232033 1.64905318698 1.37734316676 1.30149731206 0.971408116436 0.958263516641 1.08148623168 0.964553888235 1.0075114203 1.18347659632 1.10521203848 1.31416894286 1.43048435499 0.885822505449
7 84 0.15838886135 0 1.41614176311 0.601731245888 1.10641709253 0.755443694574 0.822940483573 0.953741786567 1.33719554978 1.12674885538 1.60046379073 1.4298676291 1.43529369421 0.929946944408 0.754759841986 0.897045460777 0.847750473315 0.786242120252 1.1183523153 1.24753078901 1.51485839166 1.72823937456 0.917205753791
8 96 0.175167794069 0 1.3991833137 0.708873244053 0.958908896265 0.706784261559 1.00421387795 1.03122432391 1.23374453341 1.21228737086 1.69807055439 1.40949913116 1.67901335233 0.834718466524 0.666310391617 0.888232207231 0.518011918086 0.853437206793 1.00488803485 1.20495310097 1.67541967296 1.55674406493 1.09441258856
9 108 0.19602617059 0 1.37474600567 0.511076569837 0.910972246234 0.501657262588 0.929963742244 1.13856524115 1.4458477256 1.08358376273 2.0583473651 1.31172032777 1.65688054641 0.867123459827 1.07219603866 0.935123728507 0.646822418183 1.40716274738 1.05901337414 1.32963644856 1.60038817191 1.5836813117 1.11681588071
10 120 0.220470003444 0 1.33114075979 0.575148510015 1.26141171514 0.521053685523 0.842794120693 1.15927684876 1.58017853144 1.69963075776 1.96578871115 1.49416369104 1.64121871075 0.789761203581 0.764993034839 1.24376757747 0.671253350282 0.927035925892 1.0215099711 1.49011795473 1.49397862853 2.01881631988 1.00712626632
11 132 0.25197707715 0 1.28187254948 0.272336947299 1.14322748657 0.445097550566 0.440089786903 0.975976537853 1.96964703618 1.45996266058 2.50657359543 1.68112387395 1.59879411127 0.529141787247 1.29418422969 0.806276840053 0.943546535933 1.12904060905 1.21730692722 1.45884440967 1.81480420506 2.09281337552 0.94199946674
12 144 0.28793489313 0 1.2492561962 0.0264384054638 1.19272590386 0.747194475256 0.595295015827 1.04701847939 1.74171790429 1.59155747971 2.68129378029 1.81931555215 1.78107901623 0.387142175894 1.20114617335 0.664940474589 0.77692039985 1.22669180546 1.34547199215 1.51489483317 1.85641708919 2.07309393353 1.11827988773
13 156 0.331613867026 0 1.21806841066 0.0355136593637 1.572759491 0.174838178019 0.412121182462 1.21695478207 1.53116584194 1.7552565635 2.81885869916 2.06099522121 1.66681005427 -0.373466167659 0.909576717661 0.751147875874 0.37125810204 1.2760089809 0.650322553777 1.88186104494 2.11778550976 2.23563000457 1.36911894356
14 168 0.367522903627 0 1.18517738693 0.241846711489 1.51522327354 0.762286403719 0.832189323784 1.32701451498 1.90053960142 2.28822082775 3.1021820362 2.09358914259 1.60878746473 0.0783060471773 1.09488549812 0.684634413613 1.01895619113 1.36705132904 1.99175941285 1.26366821411 2.35314906603 1.41326643307 0.76684269794
15 180 0.407603293634 0 1.15971009364 0.0341741670149 1.86939943461 0.796069646933 0.862597263551 1.40468264752 1.70413665746 2.9048454834 3.1391879329 1.77884920303 1.84302913546 0.0924841413555 1.68106365563 0.618833667939 1.32617349762 1.45201450455 1.68713916695 1.29558779317 2.72443224663 1.8885267206 0.257340325306
16 192 0.45729788378 0 1.07109219447 0.285630139346 1.46440870031 0.32762412206 0.801134025625 1.52674944881 2.47515393097 1.88257993124 3.73904636524 2.19278466251 2.37341292476 -0.0378622255217 1.65665130517 1.88856076904 0.734610594233 1.28932513265 1.53488267952 2.15219599999 2.19632834516 2.71279198038 1.01804293072
17 204 0.525598032982 0 0.986588615787 0.125209469148 2.65883515208 1.10382147775 1.20262904326 1.08310831817 2.16132347093 3.25528350227 4.91935053697 2.11846393753 1.88435523024 0.19670503644 1.91852335167 0.491618331829 1.03664730604 1.36091409971 2.00805288818 1.95307297704 2.14791757408 3.27803115719 0.698258448634
18 216 0.58083847122 0 0.939759187485 -0.720708158484 1.46610743485 0.974654349548 1.26940365868 1.36367561318 1.45632744905 2.67949124857 4.87972113644 3.08338150029 3.09199023057 -0.370326838359 1.39522045694 1.44087450087 0.469121754393 1.2399531223 2.28152724545 2.09570254759 2.07932462468 2.69362265705 1.3814307676
19 228 0.640804048317 0 0.899596310023 0.158254787036 1.42675033051 1.69023746672 1.57950780337 1.586504849 1.82426686757 2.58083400859 4.87353613441 3.93805060016 2.2415631214 -0.259230182867 1.6599688905 1.49379551134 0.419808083839 1.50186305769 1.50854475513 2.16202322041 1.74904455971 3.50641963086 2.160116813
20 240 0.711377711645 0 0.810520453903 0.0331388517937 1.72382629722 1.44227622253 1.63598420581 2.03454857176 3.24152102572 3.75677743602 5.17106529529 3.91762420119 2.79068770594 0.0219056072703 2.45170267965 2.10228894184 1.24478623067 1.77331554 2.51627891232 2.24683824776 1.28878753518 2.95433880656 1.45924296168
21 252 0.796832559618 0 0.756924676271 0.412532214193 0.512122291926 0.330362958054 2.32246619752 2.21504205287 2.95196826046 3.01474610513 5.88695367502 4.00426852055 2.63320903841 -1.27116335397 2.33719104123 1.30671466679 0.109696428054 1.12808082385 3.75821402605 1.96672942162 2.80164445111 3.70564296561 1.56872951658
22 264 0.933880219814 0 0.570591068408 -1.17984160793 1.62249517141 1.42827401099 1.78036841271 0.961683929841 4.63185779078 4.79498865241 7.32960361809 5.05460522089 2.74251015873 -0.690872897548 3.03445538793 2.18963045595 1.86792889193 0.900766643331 4.42343139398 2.42053000244 2.825903079 4.19297456527 2.54968800386
23 276 1.08331848479 0 0.530259833159 -2.00973457374 1.54484251513 0.0825533008609 1.29966987999 0.981894999806 4.40362805455 4.41276915682 9.27476597917 4.87881265364 2.33379819426 -0.525787418125 2.55239189622 0.940203544937 3.04522063222 1.04823378785 6.10779592157 3.74268498095 3.43502694777 3.46441755663 1.12043167894
24 288 1.26128895195 0 0.44693381371 -1.22610826366 2.83505683111 0.778162770037 2.54478790535 1.54131972361 2.67238799149 5.61951139601 8.49319416469 5.47811466466 5.0646406926 -1.37525118104 2.5089098979 2.27041436867 1.3289866592 0.196056617972 6.85273652197 4.48163832379 2.78979475487 4.70407377123 2.89885708737
25 300 1.47185997896 0 0.391296817096 -1.6590105585 1.56875694478 0.571309832001 3.05854505943 -0.784810959024 1.69880920268 5.77784853411 10.8449842877 5.86471565442 3.39992965063 -0.565323395489 4.66592445697 -1.10796370051 3.46511015378 2.46151789561 6.95254058228 5.01773480149 3.60450650825 6.8316087524 2.45013568646
26 312 1.67384850504 0 0.345612463864 -3.03945370825 6.20457951881 0.189262959287 5.37636531866 1.90830847331 4.60838455474 8.41732180245 9.19723574063 6.74314942728 6.93921876918 1.08082004214 -1.14909872143 1.81747281245 2.60692786374 2.87771149322 6.07391008435 4.55708570312 3.81963323026 4.83156070711 1.06377803854
27 324 1.88221332091 0 0.300099495158 -0.677028450612 5.58954442862 -0.00689475274856 4.88979324784 1.2697217686 4.11136254475 9.87252741999 8.85335715177 5.98721489879 4.74185312733 1.83732548265 2.56330122642 0.26239430841 3.0028852852 0.145502824495 5.4182804389 5.99379409002 6.54212869314 8.47743629442 4.83473158021
28 336 2.05268336596 0 0.287393405239 -3.6948457626 5.44849886523 3.03393765337 5.2924888057 3.72908229288 0.94159663732 10.1135506383 8.01255751859 6.17001172414 5.64608371656 1.15916917639 0.969341702368 -0.311997978763 1.58961020024 0.961906275331 7.03286779842 7.62386915451 6.82794654336 9.90253579658 2.76987770474
29 348 2.20859090987 0 0.279711972801 -1.14073779321 4.73747986271 2.77311490938 -0.730000927383 1.92548251214 5.238469067 6.71955625831 9.44047533135 6.82913497384 6.93660828404 -0.170582000967 1.46624074289 -1.10244003248 1.79347045229 -0.931527851022 7.28126028843 8.90027707118 8.44797652415 10.0331821202 1.94564286293
30 360 2.37197366265 0 0.272058650492 0.315790253842 2.54048624983 3.00331863144 -2.10482534461 1.6779725889 6.07499684832 6.27272300386 9.61794213553 10.5288601056 3.19558164011 1.48211042452 5.20024887247 0.0802674042128 0.202582429721 -0.670455764374 9.88379087765 10.0105447026 7.48957161563 14.0399698319 4.85181028387
31 372 2.66915332695 0 0.206157342441 -0.473035528228 3.02072554048 -3.27653495789 -3.04162080743 2.40371371819 3.70423478756 1.90361618079 8.80332824937 6.93760579852 5.4180345689 6.78210443986 3.86392226198 -1.15518589261 1.73143923401 -0.704828131086 8.32860462142 9.87587083646 12.5896956528 16.6096858807 7.0703242694
32 384 2.82060006561 0 0.227778980417 -1.10090412958 5.03314960965 -4.22206318402 -0.416303046419 0.095468431883 2.71708140031 4.2900819392 9.0518799058 4.56474732561 5.2318193912 6.98132212742 4.98391842092 -2.87857539404 2.10949217483 2.74762623273 9.11622941606 10.0614121703 9.71002071526 14.015358506 5.41549207874
33 396 2.99802944189 0 0.205278770495 -2.75791461694 4.15165491497 -3.76645919771 1.90336816434 0.550166293428 -0.505462033349 5.15233158443 10.5271206599 5.35365308271 3.50150781972 -0.367260273684 9.21984914477 2.26170079756 -0.64632636131 -3.68816777621 10.8665244073 13.3046723673 12.4351167597 13.9974911438 5.73917884719
34 408 3.22513789373 0 0.143533693906 -3.2296797659 5.97695726946 -5.60693391027 -1.81743543427 6.56295155926 -2.43884278807 4.51653807359 7.1696917708 0.754353376763 5.90966095795 10.8184432848 3.67461201598 3.68879593785 -3.73659723486 -2.62874481063 12.7599910306 20.9340654199 12.3497065737 17.0763112991 8.34473768524
35 420 3.37320084555 0 0.147145437618 1.84471716737 6.7710337103 -5.94302403284 -0.416876938926 5.30721256981 1.43700385304 5.5855558433 1.8387818698 4.27768963479 4.12122868244 4.07802466968 2.88413209418 -1.71440593031 1.75098263006 -3.06818727539 10.9074691081 11.4879507417 16.5865763626 19.3755550292 10.0779123043
36 432 3.53131908326 0 0.144219474236 -0.822236348094 4.86751230368 -1.88068249487 -2.86801028357 0.329412310051 -1.37891693195 7.00938326943 4.85756615205 3.04498315121 7.54775662234 6.52922793939 11.5084794156 -1.1934778762 -0.0715810361548 -2.99656053545 16.8326898645 13.8368035569 13.2311834277 19.9419122173 8.71834071469
37 444 3.75059519648 0 0.123263755421 8.80296255688 3.84973764352 -5.0996952456 0.170997798208 4.15305134644 0.974649280108 7.53930363522 0.271141653972 3.94313665735 0.767868792174 6.49303179803 -0.834572194817 -1.61280548203 -5.34359812085 -6.78596006373 14.0949401934 14.9640860928 15.4691653913 23.2657643511 10.754684196
38 456 3.8367966054 0 0.104850585783 -4.24582870769 8.95549273783 -1.96671634656 -3.27165253554 -3.92844365249 -3.05167805428 0.918305461708 10.6813879663 0.449450707386 5.79139202535 8.80099108 8.91862016341 -7.87168417606 -3.07215800241 -5.43907882746 15.2322852553 17.9052534469 20.2403082212 26.0212635472 8.26997860915
39 468 4.05214619681 0 0.0860212492881 -2.91621066616 1.51917344851 1.14491526055 -7.02618437806 1.26777720419 1.52841789016 5.48096261808 2.31120597167 -2.50049907639 4.17727523447 11.8825647165 9.56662145196 -5.44763799612 -7.42977418347 -7.1616429416 19.6764726697 16.4529728163 20.6030797326 32.6240614972 8.61884711835
40 480 4.20281262746 0 0.0805497831618 3.4375154978 0.612735568303 2.83475279671 -6.89445487887 -1.28711902474 2.35427117202 3.04847947609 4.4778585388 -4.05458350225 1.73998369424 14.1893285854 8.34593986012 -1.69662906917 1.96883875135 -12.1885675448 23.921784535 19.5688700327 16.3282586228 29.6757288625 7.66525469491
41 492 4.4093942692 0 0.0768988965047 2.71479186906 8.41048044689 3.05151214164 1.45829492978 -4.12746953362 -4.36083642782 -1.08719117246 6.69133370823 1.17199377242 -0.317609105745 15.6824249358 14.7681325387 -13.2833026961 1.19906422334 -9.37301841032 21.9216221255 20.286345854 25.1891932628 23.1128076607 10.6394157722
42 504 4.64495384049 0 0.0697901749643 8.31140252516 8.08479028562 1.14008834973 -1.05759220402 0.756746360778 -4.68365113088 4.15353893447 1.06323585889 -1.68593964414 4.44354146334 15.8143075901 14.7743547742 -9.54623395422 11.8095815609 -13.2133745773 24.9420143678 21.5307159206 26.4578444289 20.430885995 12.5119554945
43 516 4.95400956334 0 0.0690758607842 -1.00096100496 13.1523432724 1.71811525076 -1.32599115409 2.66738986175 -8.2767265881 0.581617835282 5.65143080111 0.227400658336 -2.35630828484 10.8614208996 13.9697480185 -2.04893747769 18.1906818045 -8.52837041756 17.1348097719 21.7159003618 29.5092904481 21.6960810295 11.8691119109
44 528 4.97874980103 0 0.0909615107527 2.60068040809 4.15229764985 -1.16428719468 0.522608835952 -1.0888892309 -1.52879248506 -0.831947498226 13.8568486174 -2.61803167043 -2.15164981133 16.2019172144 17.2185640493 -7.87767650471 7.56654018777 -14.6228191207 22.1390758351 26.0916539872 24.4806092044 22.3889486525 12.9115796534
45 540 5.05268359262 0 0.0721257143794 12.5337705859 2.55874281839 8.29384426104 -8.55489420958 9.54340249973 -2.24220933739 -1.40472372839 9.00681441802 0.00414470369033 -8.77236462528 9.50768296851 25.1159659026 -12.0169311313 10.9700622631 -10.5382818012 23.8038632978 16.4796372844 24.113592098 22.7177215058 14.9575586773
46 552 5.12966333837 0 0.0715667143147 5.35741357068 3.59068582167 9.7389071521 -4.93001059385 5.62316347798 -2.79134099308 -1.80271652303 6.60413768139 2.73119982974 -3.52486849468 12.9040840543 23.7012619099 -3.59110911016 9.83889438368 -12.1235221446 26.0163917536 20.4494560092 25.5828597814 10.1174290451 20.9444183361
47 564 5.2433892398 0 0.0705959223517 6.79698422051 1.46799015348 8.96965326078 -10.9684709019 7.31357738686 -3.7711278915 2.94339647762 4.37676908394 -0.490477390699 1.11832813757 18.1385618468 25.5873856934 -8.9039666314 18.36132744 -11.79032651 18.2171166725 25.2650637051 27.799117406 10.9343396366 17.9366361944
48 576 5.48975769258 0 0.0751898653253 17.3823971557 6.80500080827 17.9141106807 -11.0139112035 14.8937567225 -3.20050974188 4.08862041401 -3.93335048749 1.02648478614 -5.41634752818 12.7544443759 29.4507971529 -6.74943612985 24.3113126413 -7.61671122524 19.6576134433 14.230295689 28.5071021043 14.9457457219 26.7885336963
49 588 5.66906334635 0 0.0650009547545 21.574059697 8.62239955608 19.6464670019 -11.3637751582 6.06399458771 4.61767677771 0.589637933273 2.05835095988 -3.02188559123 -1.38663069547 5.22195150563 27.7765453174 8.6005882415 14.9555923794 -5.56683277629 15.7695712441 19.2087009407 25.6370201163 17.948844328 25.188025718
50 600 5.75756119143 0 0.0800022248829 10.9539262416 1.16558749085 29.1074603269 -14.849592916 9.04511201814 -3.97168561763 -5.98662415104 13.7794194038 -1.9852567813 1.93772554103 6.33280877261 25.9556880105 -11.8007953993 20.4844300065 -7.04576278589 18.8018778549 13.9903807191 26.4269991964 18.8656087577 10.8880277854
51 612 5.71228851145 0 0.0832835312446 6.65278023846 -2.88554702081 12.7868243369 -13.7905543688 3.53721160279 -0.268660767539 1.20719500279 3.94113874415 -0.834245192071 -1.67770768787 8.01238906838 36.872222446 -15.9250203689 13.2196055112 -15.4408594987 29.2510939735 9.11644384 32.4555626024 18.4054433001 28.4590508215
52 624 5.71979004616 0 0.0711757716518 7.53706924233 -9.56458927199 16.597456252 -17.9420373354 7.97878309673 -1.55231491413 5.8971615236 5.62965428861 -12.0006111133 6.28946908717 8.3589247223 32.6437373779 -11.2305327765 7.94131037012 -10.3981937214 24.4412593005 17.8169851821 23.2959129121 21.8565026736 22.8151842274
53 636 5.81222242197 0 0.0816226793791 0.44317375346 -15.6190898193 20.110691613 -11.6239304385 14.7002379085 5.49161610961 2.21972690555 4.61457387954 -13.9101486508 1.38434862571 -2.57052834462 39.4817454209 -12.7853303328 10.5237567776 -15.7635221394 39.0084434705 15.9803978709 17.9058718034 23.0351868504 13.695162522
54 648 5.78777685054 0 0.0769697903688 8.10907378034 -5.62455883854 20.3335000813 -17.4782852406 12.8944477463 2.77466344088 1.45065205411 8.39262384432 -3.85448215198 -1.34838475295 -4.73613087222 32.0393894268 -11.6342810705 11.6212500352 -7.81079949788 38.6931469686 14.6777328964 16.0059847015 17.3848455355 19.8587724011
55 660 5.7969259992 0 0.0976185537013 4.08276328328 -3.29134120432 21.6655278541 -25.8873541781 6.20536831429 8.86977835226 4.29612168089 3.98363559256 -6.08812127354 7.36569290454 -1.18730173881 28.8018551502 -12.7182919042 13.2077740397 -9.22820357807 32.9041390267 21.8887288924 19.5423563337 19.3650630978 10.0721699628
56 672 5.81773757761 0 0.0768898878673 3.86222705963 0.170900157373 10.2442010567 -25.2363033455 3.35517772468 3.73414939017 3.6501535404 8.35862002191 -17.1296121303 7.09645164998 9.29646357937 25.7248935445 -23.0935891416 21.0425219445 -6.49940677895 41.0994000437 25.438319977 26.68011178 16.9241636909 3.03010096467
57 684 5.7870204149 0 0.0797443638376 -1.555370034 -13.541330813 27.9321473399 -21.1766050609 3.89647081992 4.7834599538 0.861424806286 8.28295527796 -5.61308364653 6.24731078162 10.3397476457 29.2203790717 -3.28959995925 19.6424045493 -19.8016441842 38.8998297438 14.9766596899 24.4375173598 17.6381732982 7.3871775438
58 696 5.76760095592 0 0.0695278471448 -1.07777488755 -7.61503304153 30.1970463044 -28.4788269791 5.40956319665 2.1194697216 -3.34164508102 14.3522421643 -3.75937307272 -3.92065434743 5.92773086179 33.4491557935 -14.5295892717 23.9040248081 -15.277360936 36.9403677998 21.9641717384 26.0609128782 15.0384061094 9.15741478544
59 708 5.70597040593 0 0.0842038535679 -4.96793382721 -12.727117136 27.4784309945 -31.0481333681 2.25560131915 7.12557631737 -1.8774657843 15.5686425557 -16.976647415 7.71226873978 -5.39658924751 36.311834385 -15.8836043132 14.4148399658 -17.878781766 36.5256565795 22.5656418152 25.3484354797 23.4014198531 9.49032055937
60 720 5.5611392978 0 0.0763042259228 -2.10068997143 -18.4466235977 26.1667694467 -27.9549100401 7.9755907662 2.66163336222 1.00162690614 10.8632664069 -13.1600615273 10.3662386146 6.77298418263 38.7874949172 -7.27103156682 11.6217977635 -17.7688040828 33.6006890897 17.5304580354 22.849032606 26.8773700841 6.87836484816
61 732 5.35410769913 0 0.0793650940948 -12.1018676157 -16.2818344866 26.4804014881 -29.3409779498 4.04946369349 -2.17083958927 -7.80963565523 15.824733089 -2.15044831173 3.02601272709 4.08894245058 28.7095338154 -12.262993284 4.84798811165 -17.3941408567 30.272859603 17.9030713198 18.4555411055 26.2947140624 10.0075983176
62 744 4.99100242879 0 0.0707735963554 -11.5647184053 -14.8875121578 23.4429636701 -18.0725369816 1.27508514873 0.525387443556 -2.29386776019 14.2106783923 -12.2542301664 6.529821511 7.24814980992 39.2202801906 -12.636273302 12.5745898064 -14.0153302281 32.494154633 20.185014846 26.5081862841 26.2324244842 3.97891487457
63 756 4.85226973281 0 0.0764389106068 -10.9226395935 -9.19457994436 30.2973723098 -27.8358537768 7.45627095975 3.27289347816 -1.16159077074 10.5731094037 -11.1450104181 10.1789025899 -7.26905961474 31.4310054467 -10.0168582379 12.5022779313 -10.3581565374 17.8609746046 14.6086802427 23.2975000208 25.6900502848 13.8348243183
64 768 4.85752315299 0 0.0659114847886 -11.7710144523 -12.5166086484 28.9555515011 -21.1059058957 6.55333605458 6.16312438269 1.13512353864 5.63912214122 -19.9545921366 16.4280949998 -2.61999744471 40.6331870838 -11.2578454918 17.9314434562 -7.47884866076 24.7983771742 15.1078172663 20.8854574938 29.1590041432 12.9276282584
65 780 4.82574508374 0 0.0677641912655 -14.5692062948 -16.4970042184 26.8827131863 -25.1401474466 6.97799561255 6.69160167729 -6.43675731321 14.6190409719 -15.9201911719 13.184682178 2.7170423018 39.5276051999 -12.8378487588 13.136668594 -3.41742523641 30.8229768795 12.4919706219 21.5734857011 24.6944654744 7.10390804208
66 792 4.81196999081 0 0.0731662954143 -8.03661584347 -17.633257606 32.8324981229 -19.3366964997 2.0492806769 5.28548345686 0.662283541011 11.9939361627 -14.8262469181 9.19249641433 -8.364572874 44.4934740202 -11.7646610968 16.8327117009 -7.34161702622 30.1211288981 10.9034643199 23.956069467 23.9490375549 18.0816250436
67 804 4.85874827353 0 0.0693315510668 -14.8825092468 -13.1290105123 21.032421259 -15.3841161424 -5.49888273802 6.02750106035 0.268902894358 13.0123531417 -20.7445400547 18.8663865471 -3.26068074291 38.6605819416 -5.12007761999 15.5852215169 -10.0237775566 28.5829074184 17.6236255537 17.9981675302 28.081324739 13.0760177546
68 816 4.90995211167 0 0.0725660779383 -13.3417101054 -22.8669591119 15.6430801611 -17.4183757218 4.69499282661 8.11751224517 -1.58772703047 12.0750738112 -25.9580291215 17.650976958 -2.82902795135 40.379489552 -15.4601731799 12.4149794168 -2.97989844687 28.577868133 15.0368011854 20.0279809543 29.7370846932 4.97799090686
69 828 4.87795923406 0 0.0846758618603 -20.0988258287 -22.0388653057 15.2690101989 -8.86176656401 -4.54866998608 -2.05963619087 -5.4696003139 15.452923597 -22.7814130004 20.0216287954 -5.22385539078 41.6729456494 -11.4933743465 4.77079761751 -8.00526392686 30.9457252063 8.94196297297 25.1197343033 30.519033415 6.93416980567
70 840 4.80952411609 0 0.067159836304 -15.4602676677 -11.3209233118 10.8471161356 -6.50254671797 -6.418997815 4.13416020428 -7.11873915743 14.304116629 -15.2198598394 17.7221800331 -6.81646914909 38.2534707841 -7.92206258035 15.7547912788 -7.14011840146 25.9755624019 19.9082352127 18.7312398811 32.6098084405 2.52541616931
71 852 4.72033017854 0 0.0691433928313 -15.2253047424 -10.6499302873 13.2643598677 -3.86570563229 -1.41653622096 3.53640801135 -6.78455783485 17.6447321491 -18.603446786 13.5185757268 -9.49392767176 46.5833066655 -7.92775995649 4.56402644083 -11.9485759137 25.781070245 21.7767418534 23.3500366697 28.7173553654 3.92008488966
72 864 4.60742850704 0 0.0707694771256 -21.6515670833 -13.9169661381 24.4717482185 -12.7336854551 3.3918563486 6.60506431106 -3.1623499178 18.8597285509 -20.9464216036 13.1975238128 -15.440933546 47.1257139531 -3.76489108512 14.2756690799 -9.8172079478 31.6378584256 16.8514605341 21.8006275575 24.2911557553 4.18332256858
73 876 4.38689725294 0 0.0765188324153 -12.9855320466 -8.66546236263 14.7289906959 -14.8744302514 -6.18089167182 9.50476946452 -3.09105056836 16.3369279304 -17.184319143 11.3671096489 -8.5252986733 44.0682841235 -13.4106607358 9.48547535758 -6.75807219709 25.1694127634 19.1013363898 24.1953381147 24.8285796238 10.9393441596
74 888 4.19690363396 0 0.070513449445 -12.7581532823 -8.82428501437 19.5204045636 -17.4212683866 -1.58559053568 3.02661144088 -10.3034251766 13.2196272635 -11.8513247939 12.1340118535 -2.36626361076 54.7788384399 -19.6542604008 14.8177237479 -8.10002611728 33.5988115728 21.0683395676 28.9223732062 19.6557636344 0.922369782171
75 900 4.12330703897 0 0.0640249070272 -18.0798996879 -17.1099268647 21.2693547786 -15.8383709919 1.28927846089 6.64596482902 -12.2573367546 20.9313896376 -21.5428859629 17.0465608066 -4.23210108124 53.571930011 -5.98598335607 11.9673724803 -3.79013667821 26.7977628887 23.230052425 24.6889781063 21.0852572691 3.55049130713
76 912 4.07203302705 0 0.063170926474 -9.75228863342 -17.1978792344 19.9223405861 -17.5545090481 0.754230921961 6.6895498536 -10.2601356368 18.2662541379 -21.5244173844 13.8065405748 -4.85150072936 51.062267594 -3.06125558526 17.9098095373 -7.49283031038 30.0856859715 19.5839162064 27.9217168977 23.7268017336 5.8823830151
77 924 3.88504523919 0 0.062800051234 -15.8958103546 -13.7193633072 15.8900044844 -13.4838146129 2.70298484294 6.87469496911 -9.07515015998 21.6768479311 -20.4242338407 7.43282591695 -6.87966804525 49.4764619752 -4.49259089368 15.5768331297 -7.13008069662 29.3661078111 16.9422946365 29.9478768635 21.5680192564 6.83182120299
78 936 3.69513112763 0 0.0621757660599 -19.0827099845 -20.3082155978 23.6924498612 -13.8432841169 4.03941846068 3.2175310137 -6.10892194998 20.6774423841 -21.5374858251 10.6645966508 0.0245947418315 52.7433187676 -6.59571073992 12.2878446568 -5.0228214138 29.895704659 19.5877389596 24.9484516816 22.3334115915 6.6054658311
79 948 3.59095926681 0 0.0656959554839 -11.1861246588 -16.7656181805 13.6905795915 -14.2934801061 5.54822210642 3.21861127035 -8.08544262021 23.4226918982 -26.2504905876 14.4529464664 -1.83272583128 47.9480847701 0.714989452099 13.19766534 -11.289573016 26.3890005292 22.7901187129 23.9799922149 20.2548375471 10.3255658553
80 960 3.42796898098 0 0.0647599134351 -11.8646469411 -15.8235855483 20.1417047636 -10.4282487138 -1.09750187285 5.08230440797 -8.06758460759 17.8564370469 -21.8926889736 13.7958726709 0.16807087557 48.5014509453 -2.87936287765 18.1277050197 -13.384079463 29.8143311673 24.2713786282 25.8020102888 19.9740167489 13.1545590086
81 972 3.24638215454 0 0.0657185949789 -9.31913657212 -16.9999092777 21.7961219426 -14.8605579845 1.69937575784 7.04579019309 -11.8006069861 23.4304881174 -19.4550401618 7.96372939854 -2.38616425607 56.6204388089 -9.63589689267 16.8358380117 -8.36046731165 25.7574575833 20.4569474963 27.6792741323 23.8408883373 9.17016559656
82 984 3.1511410551 0 0.0639677906719 -9.11229424831 -19.3484535077 24.3433342168 -14.9930728755 -0.260847835742 9.10898292047 -10.2513896001 20.2476465199 -23.3755828657 12.7250848093 -3.96614473104 51.3056498263 -10.7982101734 19.2103691401 -4.27952249195 24.7712463384 16.0446739874 24.809270734 21.6812201922 15.233156749
83 996 3.17155432457 0 0.0623318577063 -12.0372909824 -21.5633527999 23.0695154205 -10.3415187297 2.45052783094 9.54881472053 -9.50061820764 22.9035365804 -24.157704094 9.67663201287 -3.47639497059 49.3591697484 -9.62115504212 21.9805263359 -9.96198474187 28.2426876721 16.1360097902 30.0396628014 14.8216722442 17.8248634668
84 1008 3.12850768704 0 0.0667161814192 -14.0323685553 -20.2211689097 21.3611299797 -11.2435795689 4.51933954549 7.50774985575 -10.0376293715 19.8695896319 -23.2589397189 8.51303324496 -0.695076214149 51.5761020103 -4.8932322662 19.0026925102 -7.29973175076 31.2505499855 15.1385585761 28.8576364646 20.1259144946 17.5892675965
85 1020 3.02744705624 0 0.0615203244025 -14.3999761521 -21.2641913449 26.248009174 -15.7210411181 -0.464864198884 10.235943354 -9.86240985992 21.1452624113 -23.2350157569 10.8274773903 -0.896846374127 53.2560816953 -2.486700619 18.8992596775 -6.99824968432 27.0709071255 13.8419267428 26.31367629 22.1690806268 15.3393124672
86 1032 2.95158646829 0 0.060989538934 -14.0891437163 -18.6067265657 18.4678065648 -11.7513429664 -0.587844479566 10.9050246125 -11.6865436132 24.1400725165 -24.8629454154 11.5498315177 3.20198151111 49.1314414764 -5.57778057899 15.2535456306 -5.97909160151 32.4273973265 14.4701334458 27.95066102 17.898515206 14.1645040594
87 1044 2.91506712334 0 0.0612511319272 -16.7089556432 -19.7180179142 22.2085281275 -14.7049086248 -5.19448383861 7.65317699688 -13.9883833319 19.9108651829 -18.2318266773 15.2956752775 2.83035067558 54.726956219 -6.25069458629 18.5312833643 -9.02422421279 33.0137807192 18.9765406021 23.4568865687 18.1254377453 12.8801946262
88 1056 2.90909287867 0 0.0605315105025 -21.5997199996 -16.8365478074 24.5299161895 -14.4914807833 -3.25116475386 6.08020471019 -6.4555847486 21.0275879907 -21.9256684417 11.4046050948 -0.387756945983 48.0015532506 -5.68193168069 17.261691293 -1.69439610066 34.9682201161 17.5679235814 25.7210147371 13.9000422544 13.6044135654
89 1068 3.04612821311 0 0.0592377874764 -13.1842444563 -11.7584298102 27.3339265494 -15.3726558198 1.44728036182 9.80567061142 -9.97037515085 18.4260974154 -17.6898694401 8.98270800403 3.20529769102 46.5003500804 -5.02334416445 23.1877510166 -3.07543684934 34.1699035427 17.353511659 24.6832518986 15.477748826 15.8482468951
90 1080 3.1491640352 0 0.0602444219749 -14.2371796031 -10.7065926953 26.037608644 -14.4070751518 0.923849138305 7.69081113596 -4.39517559105 13.710174921 -16.0807808062 7.5647878702 2.30288059043 51.2902775005 -0.581392820488 27.8813780702 -2.40163333686 36.5959782479 15.077483811 24.8806810335 18.4525407216 14.6505065503
91 1092 3.26235384038 0 0.0591849064864 -14.6143805945 -9.42928365207 24.7361114238 -12.3666964616 3.0264723324 10.3156339226 -4.90266078228 10.5967140171 -14.5014824957 6.76508381296 4.23659572277 45.350763237 -4.09188659345 28.0569464189 -1.17086794794 40.6245875042 14.6525112448 26.1571797572 11.8241473804 16.6521829504
92 1104 3.37875463587 0 0.0580583096831 -10.9169897811 -10.3668119876 21.4168918339 -12.0311578579 2.7741051697 9.13184614527 -11.3688530457 14.3957501475 -14.0261952239 6.29148206939 1.26990143497 50.9923408552 -1.19654419177 24.692360597 3.32821226005 37.2115353206 15.0772706845 26.5967973914 12.762312014 16.755163063
93 1116 3.36368393851 0 0.0586929277296 -14.2796864969 -14.4396596769 28.033257562 -13.8892614099 1.25002752862 8.85382687603 -12.0929265093 16.2107195261 -11.7122578187 7.0761024233 -0.991985039601 58.7265202876 -5.23626439174 22.1282358257 5.35723545463 38.2347922925 11.4084316385 28.6769539457 14.9224522472 10.7414956982
94 1128 3.48092172695 0 0.0572695281439 -18.4435888858 -14.5450511982 24.0127669444 -9.22207132341 1.56226208323 11.1258608648 -18.545639041 19.1859605295 -8.92013671246 4.58914076741 -0.484567175251 52.8484636693 3.16108984633 17.9776265371 7.27346067002 32.3734734067 11.9022028666 25.6153906087 12.9690569793 17.5531565995
95 1140 3.57734663203 0 0.0571236420936 -13.3719888446 -12.5689364867 28.3813232174 -11.8350197633 -2.19039879341 11.0165603909 -18.1344198438 17.719237004 -6.4569150342 4.02631148349 1.74463670469 51.1100879398 3.91062144815 24.6511316203 2.82784990568 33.5813311618 13.4741374896 25.7426042646 15.7211901882 12.8130909586
96 1152 3.51902585631 0 0.0609448589417 -10.5441797077 -13.8893159091 22.6274645162 -8.62413400517 1.92200413646 14.0131540106 -14.5695037107 15.2529161581 -13.5171104805 1.93892468335 4.83459574378 48.4087634623 -0.0496144352234 29.4448041441 3.93367567516 36.1035266347 13.4869906141 27.560650275 12.0856738902 18.3097409518
97 1164 3.58855651812 0 0.0588531857074 -6.39425251146 -7.93009072897 25.470260202 -7.42374115009 9.29694023877 11.3103485204 -9.27993249389 11.5729501709 -14.0812203641 3.81775453247 6.40244231366 53.407389088 10.3895067408 31.098343931 3.3854448142 41.9588364783 10.1072580512 26.8796223476 13.5375101262 16.8868280364
98 1176 3.65160257394 0 0.0586915278264 -7.10004435005 -8.27280874984 26.1239172457 -7.05868312078 5.47419409098 15.0041565187 -15.4678272302 16.9691899276 -11.0525524205 2.28172627974 7.73434786773 52.740650432 13.0564616151 27.6815608882 1.50230279976 34.9863253469 11.1996007374 26.4828374393 15.0545730858 10.8400767229
99 1188 3.63271509917 0 0.0560115894595 -12.1115002878 -9.89133697329 25.8671562684 -6.57678122813 -0.206853022067 10.3342566323 -14.6447044609 20.7800047967 -14.4470456675 3.64436320337 4.69885977163 52.7699676642 3.343853894 33.1519203485 1.66052329791 39.2411825098 8.96279771598 27.0337609466 11.4549410943 20.5320597519
100 1200 3.71336656674 0 0.0560823904796 -8.29584225104 -8.78526697711 32.9891566633 -10.4400815425 -3.48981223669 13.9941046749 -19.3537834826 16.8932801117 -4.04160399176 -0.580787307669 3.09670620604 53.9984595947 12.1543321196 30.7935282327 6.46131145297 37.0148955907 4.68284006582 28.0437462828 11.7707939346 22.3198268065
101 1212 3.79746760148 0 0.0572007141488 -8.34451977039 -5.39949764504 27.5951151293 -12.4177245998 -4.21454629461 11.2570400246 -16.3318366652 17.8572654167 -7.09770142785 1.5093860102 6.25962603537 53.4439512581 9.15728325493 31.9862198141 1.19690592221 42.9128529291 3.8654630091 27.8471291256 12.515331276 16.3946842
102 1224 3.82176856116 0 0.0563011869068 -18.0794202878 -7.89928871369 26.4756718291 -9.30111723392 -5.34466853401 12.280354366 -12.6831243497 10.0582586838 -8.07814799775 7.63786226206 1.72329692808 54.6561885139 -0.853049715489 35.6987550488 3.88897207944 42.9178963306 2.55177157897 28.5943366392 14.2618552448 16.75606452
103 1236 3.81721717335 0 0.0579792472161 -12.9637307614 -7.47150243577 21.830107035 -2.73702130557 -9.65930946854 11.7822678654 -13.5116305283 19.6788094413 -10.5772816249 4.60505011764 2.85038286013 55.5554947851 2.66320278888 32.338755684 4.06173315229 40.0991403467 2.11573694958 27.2892678752 14.6366535948 18.5666469357
104 1248 3.72991035041 0 0.0580571225584 -8.61765068019 -11.7914497777 29.3342684651 -9.47077840886 -4.04018911421 11.5098939505 -14.8365258368 8.73807915882 1.13896641057 2.39520090471 0.712278634037 61.9930018191 12.9688474568 36.2326270963 8.0040575677 33.9115931225 -0.243224582165 29.4601143681 14.6744018123 19.1471545421
105 1260 3.60051395902 0 0.0565603460001 -12.124651095 -5.58719000914 19.6719517893 -1.19086844112 -3.39150190325 12.1464491233 -14.5177399029 8.72544079313 -1.2172986202 -1.70176609765 -1.23163943257 57.1662158022 1.76351222501 29.9822750243 2.54353528585 42.4545797231 1.78871894027 33.3753242019 11.4733632697 17.8512968009
106 1272 3.39151798608 0 0.0570111654685 -8.78319346133 -8.6893606948 31.150853254 -5.07494875838 -5.22791766952 14.6675594782 -13.7769286154 10.5752507632 -4.48955477106 -1.05248566952 1.35968890852 59.9197454794 8.2120313082 32.2346206564 -0.672057864263 41.6430785151 1.55350102916 29.1941906063 16.7066949622 20.7119790513
107 1284 3.30599754358 0 0.0564356071436 -7.07866392732 -2.14081196325 29.2622994015 -5.53459442246 -6.57838213067 13.9307461388 -15.2846326411 8.81089465912 2.66627426825 -4.8636822206 2.52870488316 56.732269364 1.24620027308 32.3510855585 -0.922863343297 36.4911473984 6.1682446836 28.9088328874 17.1942609988 15.4424376507
108 1296 3.28760469501 0 0.0562060670502 -4.0175842113 -2.14106134431 24.4861524694 1.70616230162 -9.13671811576 17.0540132446 -11.9680499211 8.1889916667 1.48085954873 -7.76574419148 6.8476684336 59.8764305966 3.64243427336 37.1478952142 -1.28850880795 39.5284184545 3.83005521095 30.0920309045 14.0812044778 19.4423656498
109 1308 3.21645668687 0 0.0582752029877 -2.24280576657 -1.44184987362 30.3585987256 -6.78374175091 -3.74302600748 18.7888561309 -9.00133738283 3.29090955547 1.16508888113 -6.96792839745 3.1979900776 58.2691003893 3.78892938188 42.1497217444 3.65326463759 40.7005621049 2.67029819676 29.2327154743 12.4810596342 17.541347749
110 1320 3.16910647527 0 0.0572500048878 -8.4933852727 -6.85347884571 26.3886003627 3.07933673946 -6.16277271569 19.6925067177 -13.6517329408 3.47344800158 1.14745697803 -1.31566710651 2.68719146758 52.9970372448 1.03820194534 26.0530397196 2.79951820639 40.5554882768 9.07825710377 24.3231179527 14.7175592832 16.5626603559
111 1332 3.15041401344 0 0.0562462293693 -6.22996198957 -5.96554630078 26.9488696644 -3.17624713547 -11.9779482531 24.4568932343 -15.1362121028 5.08096778969 4.04697015757 -7.23185273254 -5.0734040423 60.0312263669 10.4155961527 31.603625432 6.99538595847 36.0968437461 4.67848776723 24.3315126167 17.0485201078 19.0616691482
112 1344 3.08994235707 0 0.0573530796691 -7.43178042233 -1.55914337053 21.1638821775 -4.76397275846 -9.92152767214 22.6979234482 -17.6927889194 6.1847746196 4.92922831378 -5.93798221656 -2.67223953874 56.6606007367 9.9788148833 35.0565680741 9.76336082375 43.5267703908 -0.0484483970555 27.0250241222 15.6038572879 17.1170893206
113 1356 3.04504337104 0 0.0566654566098 -9.48789369477 -2.7624188178 18.9479114325 5.50981061126 -8.46440037626 19.097042742 -13.6348698572 7.24450819634 -0.559292275855 -4.45542760444 -0.931905550546 60.4723914067 8.32538885274 27.9885519963 10.0869582294 38.454466372 8.25863051905 28.999808745 11.0993154274 18.2934927197
114 1368 2.95448443497 0 0.0564604793343 -12.3849838034 0.0822329562427 25.4302438378 -4.44334797006 -8.31087878868 16.2700828557 -14.9640126559 6.92549094415 -2.86870820616 2.90078838149 -1.69107400382 59.402252057 6.6718281369 32.9331837279 3.86618761323 43.3430536782 1.56339391816 31.1023118373 13.0431607042 17.7823899219
115 1380 2.93478785788 0 0.056784355629 -10.3455362891 0.0882716082947 27.5069327194 -1.68739190555 -8.71215452958 18.3724018035 -15.4861650334 9.32253089977 -2.13074099058 -2.69940876855 1.80589035723 60.4563016532 3.90921787569 34.9064731584 -1.89101245585 42.5092192946 -0.896925087055 32.8436072712 14.3119790074 18.069755349
116 1392 2.93541506 0 0.0566829363541 -11.3447554388 0.623411811265 24.4804539842 -2.0620229245 -7.07393488261 19.7875257906 -19.3795415229 9.65626056757 0.768515191878 -4.13336571437 -0.253331644866 61.1633664567 6.9618214979 33.8244925961 8.97709728973 39.1973254224 1.78166484985 32.186712713 12.0855311907 17.0612277629
117 1404 2.91719166075 0 0.0565487854692 -10.9467811073 0.608788303125 26.7807934508 -2.99169306869 -4.45812016595 20.9286637937 -20.2423351385 7.93811874198 5.8687963615 -8.2748737543 1.49074235542 62.0676968027 5.75332205938 35.1178303228 1.02994059809 44.2699531274 -0.370860844073 36.7321546333 8.88196324131 16.288329181
118 1416 2.92375659305 0 0.0600398382278 -11.1993583106 0.551983733838 20.6384192403 3.07011246383 -4.87494247639 18.9180702582 -19.1289082002 10.5870349763 3.24478439846 -4.24637701174 0.839977582079 61.6511363598 2.44258500011 30.7547696561 8.78517042128 39.611939906 -1.21425608822 34.8849163273 9.19275318661 14.2372241536
119 1428 2.88080207162 0 0.0575681119476 -12.3855692472 0.541653629515 24.5550430719 -1.17139023347 -10.0158504284 21.1088751089 -16.9997394783 12.3755873348 -2.66369632162 -3.76635771339 -1.47685692814 64.7067644268 0.17303715123 31.8552890372 -0.404202452091 42.9602853971 1.93167092092 31.2211016488 13.2731505719 13.6582076509
120 1440 2.81730389081 0 0.0564944851178 -12.1495330942 3.2199456577 24.3572614297 1.16616479837 -7.4077709862 18.7012978545 -17.3708514945 8.02958635288 3.50180141844 -4.62559683644 4.14243088933 61.8913725181 2.18564621693 30.1830108767 3.15924748751 39.1618753222 6.89174514336 29.5641000491 13.8856424288 13.4917252706
121 1452 2.7785288458 0 0.0559161297491 -3.53735375053 3.60873245233 22.7730029118 -1.10558350459 -9.2458556404 20.591965612 -17.8908240928 12.3822790698 -1.98395199257 -4.37196158373 2.60826054698 63.5618200867 5.47290741546 34.023241923 3.83060695579 40.884720148 5.81710104525 28.8057852132 14.5148428821 14.7687094769
122 1464 2.68772425371 0 0.0561767009244 -7.09690850784 1.25069680118 24.4557496232 -4.53512212091 -10.6781864474 22.0951317585 -19.1594248345 13.5479561347 -2.77236155494 -2.76059593863 -1.67626877635 63.5177562566 3.94094411426 36.603700492 2.42040727027 40.2807393641 3.47321219656 29.885360318 14.2851661628 17.7100557441
123 1476 2.5913898458 0 0.0566032328517 -6.24696189588 4.76959180882 21.5507947138 0.526560431706 -6.5350859101 16.3110836188 -22.9409864025 12.5470962527 4.72895061963 -5.74765716358 1.23235584494 63.9897087137 7.09577025437 34.3882151047 4.76190984493 38.8032330234 5.66017727754 30.3374474828 14.3353113752 13.8094634526
124 1488 2.55785787972 0 0.0564125438129 -5.86147818546 1.47104211627 20.6710496084 2.33056474486 -10.8880203697 22.0023923088 -25.4648238598 14.6989197806 1.90657678827 -5.53702946374 -0.225286746887 69.679188583 7.25350476788 34.296994113 5.61630257226 42.4577185827 1.24160874966 34.6459805163 11.5186856718 15.057548454
125 1500 2.50274013369 0 0.0560220215828 -9.8896990487 2.53424208063 16.3334460911 1.80161477666 -9.38156482814 18.3141832531 -21.3260070337 15.6425619834 -2.51028465836 -2.09264854155 -0.741688185838 67.2469586208 6.57850997992 35.0343449672 3.10061997293 42.7282375097 4.44441367794 31.1304952872 12.282155247 12.8776982226
126 1512 2.47625647055 0 0.055989609683 -8.34774059239 4.82747713346 16.2300052599 4.35255443524 -8.52496209135 18.3588618276 -21.7563256399 10.9125486833 5.20094625006 -6.2016929017 -0.451760491763 67.7572892768 6.02810859852 37.5706132381 1.42608910752 39.6380728851 2.03714249691 33.3420776632 10.6224573263 17.3886181583
127 1524 2.49872913191 0 0.0573181286499 -8.58249098207 6.10069831117 17.4934097097 1.92126751279 -7.89456628871 18.1970893847 -24.5414816767 14.778580528 3.74697782554 -8.57378962765 4.95556609141 72.1342182842 3.84329473868 40.2691054123 -3.34614256184 44.0306476357 3.0130298823 32.0112375091 10.0104224074 17.9084860881
128 1536 2.50054475776 0 0.0568258349689 -9.13880523268 2.5973614153 13.4965445853 4.66337191933 -9.75063581539 17.8700152432 -29.173086241 16.9267042446 6.05020734728 -8.27735507082 2.37434391989 68.2679663844 7.47793321013 34.92756414 1.20279737051 39.6943854517 4.25647061936 35.7111712469 9.10843724513 16.4715743283
129 1548 2.49299081211 0 0.055970444808 -11.9616338203 1.71417111403 10.8005002623 3.38799075752 -10.298546409 23.9739436241 -29.1995691958 15.480184053 5.16169300775 -7.44853902442 1.27788835609 66.546798104 5.52485812997 30.893642036 1.59954862546 40.4270483179 4.71728115113 33.4798153716 10.5396554201 15.4084095523
130 1560 2.44426204717 0 0.0556097343283 -12.6726296206 -2.05893971618 11.2529658842 4.74498185526 -11.0991323346 19.9109533298 -28.2482830099 17.274171807 1.53404066625 -3.88998995171 0.707484191043 71.0882541247 5.82410897411 35.8965124024 -1.21393716017 40.670164459 4.83133981065 33.7312322239 12.0037556942 14.7583388467
131 1572 2.39634110382 0 0.0562881158387 -10.3626999252 -0.586973269527 8.35043545897 4.30272310433 -7.79506084309 20.0360965225 -28.3077650993 19.6055648485 0.734417239177 -5.28618905971 0.214430646278 69.0281846027 7.42016120152 31.646607175 -2.06636253164 40.8351336858 8.29457755396 32.3566894174 10.4276398327 13.3167402525
132 1584 2.35676639637 0 0.0560050491181 -13.6636898107 -1.27410217661 11.5338944327 5.35447967319 -8.80637257823 19.5123602189 -27.6371111423 18.4148189231 3.18597032372 -8.4599625277 0.879063724701 70.6426596923 -0.875296374126 33.0288909758 0.281520012219 42.7973344691 -0.985491831883 34.6593486673 14.7488569468 13.3835019658
133 1596 2.25628449009 0 0.0559752037071 -12.8233399993 1.59556275297 12.4958050177 1.37021509976 -9.58106686582 20.0985050652 -25.9679167394 16.2995599462 0.0928827819441 -2.60213986519 0.659325850202 68.6951363997 3.42118734373 32.7374136841 -1.31995489424 43.4414317081 3.07468151187 30.5935985845 18.132229981 11.6276046433
134 1608 2.16346697841 0 0.0560893291472 -13.4430965281 -1.58895653868 12.2731866341 4.22841773176 -8.25223737686 22.1481155779 -26.0792509093 11.7240444401 2.55918580115 -4.13305936834 0.300206224749 67.5052208976 4.06874214989 32.8574439103 0.780303854051 39.6328655713 3.45849646541 33.4817154498 14.7801347711 12.8263412327
135 1620 2.15560436646 0 0.0555914720572 -15.9774989881 0.785817711939 4.8777543728 3.94356515186 -9.73944542786 19.6422956041 -25.4424037234 15.8449997307 -1.98131518469 1.20405118894 3.77639304601 66.7220632309 -0.804689834557 27.5224322552 -2.77255348614 38.4478933327 8.95148992752 29.8975378568 13.4901247286 15.2006862093
136 1632 2.10879657055 0 0.0554103948352 -14.4839659856 -1.73395002253 10.1892821807 4.87112505598 -8.38832182584 21.5644551509 -27.8774380175 17.4443695246 -1.99379432526 -1.99419212587 1.95079691276 68.3004868201 0.909898266428 31.5955472875 -2.97687118864 41.2991906341 2.8233279745 34.3674428573 12.939770764 15.8268358157
137 1644 2.07006657655 0 0.0553546686981 -11.5707644077 -0.713342425519 9.68885006986 6.87751044394 -7.92811495461 22.5059946602 -26.3366902579 16.9409709873 -3.85137127951 -1.19297897829 3.94868330103 69.2726234756 6.86538336927 31.3159425349 -3.21271438358 39.7634398931 5.533955125 31.7921502178 15.0313327525 12.7928468417
138 1656 2.0201031172 0 0.055549928635 -18.1916388214 -0.00737506412448 7.40291357163 4.36833032559 -9.92705728413 22.6346505802 -26.9179267372 17.8995237895 -4.18785306205 -0.395500127402 4.02348284284 68.1425863526 -0.267932324716 28.9851249854 -2.4214292657 41.5060490467 4.0539873035 33.7400913044 15.4668985508 10.9320927104
139 1668 1.99673373217 0 0.0552650931091 -19.6966947676 -3.13680019155 9.63845513304 3.5974044839 -9.5998653776 21.6197195692 -27.8909128711 21.1682772052 -6.1460112599 0.735068479659 2.70038504321 67.0393053201 0.630187318934 30.7334664778 -0.208354153745 42.2087924843 3.12723477432 32.1426978143 15.0389502038 12.5289712389
140 1680 1.99558691496 0 0.0557932277327 -17.6534325318 -0.837391755796 7.73876799655 7.56692063532 -9.41642172798 21.3733655163 -24.4702524891 16.7036044716 -4.37716852813 -0.207411899208 2.16672437265 67.7188764919 -1.86720879772 31.4438679735 -0.299756634878 41.9235298246 1.04700328502 31.1208513642 15.4240954775 13.8666793212
141 1692 1.91270878424 0 0.0553730104029 -17.2143001672 2.11157594783 6.51923153072 6.72841838787 -9.06900135055 20.8851488449 -24.8396961208 16.1770238429 -4.30645331746 0.563846360191 -0.416048321808 66.4608954839 -0.261439457039 30.47550043 1.58722571281 40.574558737 4.09505175823 30.8048841413 16.2736882913 12.2016333272
142 1704 1.81553456377 0 0.0559321002635 -17.2267901873 1.03841116426 5.22897200123 8.02049735899 -8.31913112503 21.9516996187 -27.2828925848 15.3351402498 -1.41000886001 -2.04792140696 2.75987516867 67.82279352 1.5790555723 34.1337157417 -0.73604635446 41.2120430584 4.11572862833 33.6921139416 13.7980081924 12.7740530078
143 1716 1.6834429084 0 0.0558806764932 -17.0600293177 -0.212773814987 10.8626464395 4.63796068412 -9.40713096343 23.6502379581 -26.498684619 16.2833098874 -2.5792969218 -3.63261240289 -1.75504650097 70.9498316059 0.278350654973 34.3292569175 -2.02426175591 42.098833281 2.44555978954 31.4079094547 16.1861033583 14.2432955319
144 1728 1.63982099211 0 0.055355347333 -22.0829939584 1.97724085529 10.3625606714 4.85496050614 -7.09528717851 22.0710409769 -25.3245393573 16.0143529117 -4.45675157497 -0.238281673652 -1.01227661313 70.7819702941 -3.07597162569 31.6871490797 -0.856931666139 42.3455941888 3.80667926706 29.9085715297 16.4349739842 13.7123089987
145 1740 1.5735151916 0 0.054855898148 -17.4284691863 -0.985217722797 9.77846020808 4.51617779158 -8.34963937833 19.0305814898 -23.107771704 16.884573543 -6.19781066195 1.92924786047 -0.412777757689 67.8375661903 -0.554616072023 33.8452827789 -2.41931505317 41.3069271599 5.18442263296 30.2350918097 14.1894725833 15.8628665755
146 1752 1.48396769644 0 0.055130013499 -22.5448654463 -0.643792938754 8.15151809149 3.10436099089 -9.71391141216 20.5978381649 -26.8779246494 19.2083694686 -4.704044691 -0.00976913348457 1.41012426805 71.4998687952 -3.87164789903 33.4355624857 -2.33874536903 43.4667197718 2.0683012162 32.3225214513 14.6961305211 14.1979980504
147 1764 1.43221655414 0 0.0550865694199 -20.711030702 -0.143706275786 7.03474651499 5.47363510747 -11.1089103259 21.942458388 -26.5293946053 20.464348601 -7.17550155727 1.93699783567 0.261938655453 69.5979272289 -2.82280673204 33.0229235476 -0.826944675748 40.8418270402 4.65157030929 29.6410164243 16.0046821284 14.6017253528
148 1776 1.39343916038 0 0.0551505535259 -21.199702057 -0.702702457252 7.74548172998 3.48791700437 -10.0407417302 20.4193044555 -25.2532281948 20.0724025038 -7.54718770281 2.16716216841 0.649120067878 72.8736957963 -4.96442673598 31.5857104016 -0.829070192968 42.7720081203 2.28542449863 29.9163509307 15.6098486374 14.0827259203
149 1788 1.35538639079 0 0.0549703557793 -21.189332522 -0.236222705843 7.41739291308 4.15161767749 -11.5969315656 21.1997249271 -25.1049983973 20.1113279565 -6.52897757813 0.831015497516 0.0902958937767 71.0417789396 -2.95345641455 35.7856352158 -2.73397042719 42.6914680263 1.93901579263 31.6399965838 16.4902063374 11.9510505795
150 1800 1.33636931238 0 0.0549894833375 -20.5127954466 0.640271091818 8.6861408348 5.8946171357 -8.65716531182 19.6649541997 -25.0471554956 16.2737397813 -4.48493693041 2.1577062508 0.926571594122 72.3565073645 -0.77697930069 34.072576403 -0.927991728707 43.720778279 2.55982576879 31.812781316 13.8888786742 14.6883652524
151 1812 1.31645525003 0 0.054880492285 -20.3018158673 -4.11350241102 8.29277042062 2.66983233127 -9.56461284032 20.9082154731 -25.6143114888 20.1390405892 -6.98109395452 1.47224550566 1.47134278782 71.8775293083 -2.20588786125 33.4806012429 0.514029923827 42.1919553547 0.597463382151 32.564813425 15.0183872243 13.3945979999
152 1824 1.33558610887 0 0.0549222024075 -19.9306206338 -1.46342345334 9.73852735483 1.24654659785 -9.37989831433 22.2261969927 -23.3251059759 16.8445239959 -6.621481484 1.50276826222 1.50917871166 71.0206195721 -1.00930011004 37.1206421951 -0.66907039522 42.7188950653 3.44789192406 30.7986456889 14.3280868112 13.3600337194
153 1836 1.35152575732 0 0.0547312102795 -18.9044243793 -0.874402319503 7.00632092278 1.74084566393 -8.93693192791 21.5464997289 -24.6976497897 17.4552846132 -6.28600017742 2.1354028729 1.42918973534 69.9153712942 -0.922936080745 34.6679204907 -0.335887707782 40.8295738091 4.96528630785 30.4304740449 14.0057972413 15.9575982454
154 1848 1.29656886078 0 0.0548602510769 -19.3238625327 0.0352478238518 7.69323845756 4.95561241949 -9.08592420591 19.9647104417 -24.3587470205 16.7705395606 -5.5377567943 2.33170819176 2.61852951514 71.1889752746 -3.15038131985 34.3371139765 -2.05036147068 40.5035538147 5.77032999113 30.5161226891 14.8110332308 14.3251416243
155 1860 1.22693885097 0 0.054766494884 -20.4570809958 -1.29251185142 10.0656783912 -0.0344789395182 -9.53763793349 20.5208166629 -24.6359479251 16.9335658603 -5.21629408709 2.51368538926 1.20258817118 70.9066341014 -0.563352820307 33.6520890167 1.05144800838 39.6475022844 3.84199092724 31.964743732 14.760257863 13.5906351616
156 1872 1.16789844587 0 0.0547897170207 -24.2668474717 -3.07061204233 10.5144480668 2.79719005199 -9.83737433136 21.574772705 -23.6957045785 16.8782455242 -7.47910227925 3.62172562482 -0.661757410467 71.9028821313 -2.75740844496 33.82068914 -0.255172899009 40.7678796376 2.29571751625 31.3691661067 14.2605155708 15.6449991525
157 1884 1.14120439443 0 0.0548243771396 -21.9013056653 -2.12307043047 9.94597716007 2.18347240873 -9.17529593908 21.4282123309 -23.4871253361 17.6826651801 -8.21248547087 2.35377026243 1.10644597244 73.1235760263 -2.95001622412 34.4139403864 1.83486929834 41.9243899247 3.18156586518 31.4696276726 14.3010272345 14.6944101783
158 1896 1.13025271724 0 0.0544854593866 -20.998432621 -2.20756714058 10.3062859341 1.5895893864 -9.73081623345 21.9418023301 -23.8886485135 17.3901918477 -6.7766684077 1.48905391539 2.40142158994 71.818487848 -0.259002787629 35.1225524985 -0.432606931555 42.0121072309 2.56816629755 29.8849058671 15.6323387932 15.7552180816
159 1908 1.14070542187 0 0.0547661388101 -21.6626723369 -3.57989652436 12.0519731693 2.94590040002 -9.31732933244 22.294860978 -24.4580276878 18.3266653966 -7.17462250831 1.16654164267 0.970577761853 72.4803331506 -2.45749395486 34.5768308491 0.283260080246 41.8356597703 0.461132418484 30.4268096852 16.7745009315 15.2610283994
160 1920 1.12982776272 0 0.0547048092456 -21.194737072 -2.45222281848 11.7734163643 3.14404594845 -8.86711563683 20.7436717089 -23.043894179 16.3745528796 -5.98038278123 1.5611076915 1.69306950927 72.6267136819 -2.90407111949 33.9478742972 0.829174340013 42.5921994912 0.850150116724 29.6223396553 15.8280185903 16.3817835679
161 1932 1.11129047514 0 0.0546528584231 -21.1943705381 -1.98717082078 12.1156647558 1.29800597301 -8.27126867257 20.0150147783 -23.1075413636 18.1810299201 -6.51507985626 0.969433991408 1.43919772503 72.9177784987 -2.50187183046 35.1824973088 -0.457670141088 41.3246992428 3.27682513947 29.641847508 15.1752900219 16.2633002297
162 1944 1.10475017473 0 0.0546368696728 -22.100469839 -1.98397320912 12.4435403738 -0.63313780028 -7.37396357458 19.8556914739 -22.139847969 17.3221746473 -7.52714560746 1.88991067312 0.354369602203 70.8135771734 -2.89398339798 34.1043820449 -0.947591917326 40.5404745321 4.42079497011 29.3890710831 15.6328520438 16.0800398508
163 1956 1.07781952687 0 0.0545264382264 -21.058824464 -2.84631679777 11.3736867092 0.106152998089 -7.80806031445 19.3821004393 -21.1735703771 16.493713448 -7.83124959203 2.85363234567 -0.523119286411 72.1623050769 -2.91955445229 33.7344226268 -1.9601907074 40.1969218786 5.66174881467 29.212932183 15.1948149601 16.5205531226
164 1968 1.11894911793 0 0.0543888465745 -23.5467923487 -1.15305259782 11.0667236716 1.24551084319 -8.5526868818 18.0190003388 -22.5979149995 17.3378044922 -6.69581159327 2.89590707442 -0.770752259811 72.715697916 0.719029801141 33.6505792724 -0.96756748353 40.7929118665 4.33244266536 27.9734200102 16.868461428 16.0145383695
165 1980 1.14174121704 0 0.0543206294225 -24.3454523016 -2.29563690051 9.11762020981 0.792792318042 -10.2497644885 19.6881837352 -21.8839425173 18.2827723239 -8.89432506894 3.46081063784 0.476663233738 70.733345732 0.34773306534 33.0678954662 -1.1058453082 40.9318459786 5.12666731139 28.0798601693 16.2294762043 15.5778526166
166 1992 1.21288151302 0 0.0542465414629 -23.1759862382 -2.05391087704 10.6781446463 0.394316522889 -10.4492274894 18.5955096684 -21.4751461297 18.3786107074 -10.0688473218 5.53964386083 -0.533110462465 73.8697171183 -0.178018347842 31.442070264 -1.14244572193 40.4269452078 5.70892365425 27.5214385738 17.5925170542 14.8680971972
167 2004 1.23537100387 0 0.054289845697 -23.8895480727 -2.2421298168 9.31210830015 0.45257028189 -10.6212154529 19.9574782921 -21.164315921 17.2851775567 -9.88159315222 5.17076217342 0.454956837983 71.3126064371 -0.0531174802083 31.4567732651 -0.49764058087 39.3067620896 6.46185581059 28.6648881517 14.8670421431 16.8172378151
168 2016 1.26008417185 0 0.0542968063351 -21.3693655846 -0.217157274992 7.12864838125 -0.0503052916337 -10.5275410971 21.0168283077 -20.1616865587 14.6426164637 -7.23857133273 3.48608818154 0.361798495737 69.1803261704 3.78903531521 33.0924402167 -1.38665642299 40.4487924931 6.82686351031 25.5901844656 16.2267330664 16.6557494719
169 2028 1.30579510598 0 0.0541377629957 -22.8000804539 -1.43488501203 7.63658903214 -0.476237147161 -11.9680638291 19.9131937144 -21.3112531055 17.0397150018 -6.38096687441 1.61640309851 -0.500690563236 73.7111863453 3.00261890571 34.6095359378 -2.37598286824 40.9012067424 6.10873923103 27.879582402 15.152594292 16.5673952937
170 2040 1.36070646264 0 0.0542186569866 -23.2827925331 -1.16987253949 6.53189759974 -0.679766839614 -12.9811017566 20.6869253423 -19.3056526401 16.24652599 -8.54016251844 3.81028000491 -0.437939430485 74.2112921353 2.38027752338 33.0962052692 -1.29197797629 39.6073358052 6.84503813867 27.1218327458 16.0701540322 17.1540375275
171 2052 1.43168654598 0 0.0539977589067 -22.1150264948 -1.6778034209 8.80430112414 -2.35054338311 -12.236953459 22.4963571647 -21.9260331051 16.4355633361 -6.6789126888 2.2599969617 -0.443356025078 77.2838142003 3.75869481065 33.5312425268 0.450652404347 39.9015832425 5.34692048818 27.5849732 14.2852715796 18.617587697
172 2064 1.50098119253 0 0.054030420845 -23.7801660231 -2.43625929914 7.28074527339 0.044490162327 -11.6200208515 22.1245453185 -22.3720830815 15.9691151138 -6.95759298526 2.49211440208 -3.36927734369 78.4130006072 3.23779593762 32.265990101 -1.19174396645 39.6211031112 5.94579516366 27.5950767001 16.6317785488 16.7488040682
173 2076 1.57354654278 0 0.0539226220746 -22.4381254872 -1.90511452703 6.44432805295 0.17940793191 -12.1218648575 21.8029157423 -20.2564339427 15.7139652486 -8.6728238996 4.74337534892 -2.61675100126 77.7535164854 3.64192672264 31.5876335285 -1.11543378139 40.1537306911 5.33238546335 27.5255983972 16.4109383714 15.9229383415
174 2088 1.58358577658 0 0.054002016779 -19.7015612259 -0.93826788016 8.71834335688 1.42603021178 -13.4597113277 24.3590966771 -21.2264076724 15.2428222992 -8.31395133938 4.12184142297 -0.764492657911 77.3650742324 4.19864230724 31.2830152032 -0.794574465822 39.5600501778 7.12944971681 26.1293597555 15.4358601004 17.1211536373
175 2100 1.58846462518 0 0.0540886183582 -19.2305754598 0.864003440835 7.91211683245 2.69862229049 -12.6450674297 19.8498208659 -20.3725754111 15.226662181 -5.25474215318 0.933154397921 -0.67647102763 75.9091660745 5.72033768923 32.994104929 -2.41392790149 39.818541993 4.82509341674 28.7440636593 17.8599118126 14.7095744371
176 2112 1.59805344009 0 0.0539585950807 -21.0254409753 -0.929345306928 9.32470871944 1.92601872091 -13.0117829822 19.9536201137 -21.5592072872 16.159315484 -6.63168661582 3.2964023994 -1.41208968189 79.4615863392 5.80612605555 28.3055506175 -1.01591622269 37.2145763838 8.59930241736 25.4309282181 17.6249404993 16.9854852992
177 2124 1.59025673196 0 0.053989874888 -22.8445616527 -3.15021053999 7.86073605991 1.28963146315 -12.8536847451 19.5557379384 -21.7545431853 17.0750893015 -7.24627718404 3.32476678547 -2.06277236714 78.8263379463 3.16116016035 30.4942548533 -1.04948163882 40.1867727323 7.05521552253 24.6978167004 17.9264698281 17.1951332074
178 2136 1.59646615972 0 0.0541210777423 -24.1602992081 -3.99772157236 7.13437908543 -0.408408702353 -12.2770748727 20.0999454536 -20.6822876091 14.5168068812 -6.366537638 3.46107366774 -3.94202516605 80.3248480832 4.64865370127 28.1304010901 0.558052966457 38.0967137364 8.40303495036 24.7828662787 17.820082358 18.1093789266
179 2148 1.58163896898 0 0.0539680911812 -19.8276468664 1.19765574206 6.29836567833 0.302398559591 -14.1480913495 22.046197102 -19.0892794096 13.0278938041 -4.51482685096 0.345076673133 -1.22602215893 78.7280590348 7.20087899857 29.5328238034 1.1864514434 38.277345799 6.65342554354 26.4516277575 16.9071915698 17.8631714453
180 2160 1.54555743596 0 0.0539728707941 -18.3984809152 0.112360494612 6.47119653527 -0.0906275279866 -12.7824581915 21.1937434184 -18.9655177774 14.6655244614 -6.83908734129 2.10079119112 -1.34645399908 78.8250911865 3.97352284034 27.1489740884 1.33916877123 37.888762611 7.7573083403 23.3369080972 18.7394398455 17.4344018513
181 2172 1.5173466376 0 0.0539158212832 -23.7419789669 -2.43883252586 7.46141258359 -2.08694332262 -10.5615595456 19.9791271502 -20.6018166978 15.7201528749 -8.01275227841 5.07907514822 -0.621410152079 80.0057687484 4.22143333777 28.2737768932 -1.18836837202 37.9993051406 8.75774877633 23.4355791252 18.7025432287 17.0108874875
182 2184 1.53299928711 0 0.0537991532263 -20.3945807675 -0.396026588149 9.16356582437 0.919302744188 -8.93393925995 20.5138843008 -21.188161667 14.8249165171 -6.22070996478 2.69938267072 -1.36537506084 79.5409625338 9.07451402527 29.1927810166 -1.5827143723 39.9508006903 7.33707446202 25.3445557906 15.6769485908 18.8000406156
183 2196 1.60467553071 0 0.0539391695517 -19.4017717587 -4.8911450685 8.95853338153 0.845802747634 -11.1710629586 21.0349513718 -19.8567792592 16.2042748495 -9.98719064356 4.42788231441 -3.50986570374 84.9779296645 6.9442997278 27.2341002601 -3.75698494541 41.7935522034 6.67801961926 23.5229141021 18.1179187365 18.6704694956
184 2208 1.62071247762 0 0.0538444142103 -19.5110605269 -2.41439404668 10.5633728947 -0.889024086038 -12.2661862539 21.4642745362 -20.1873752689 14.5042959826 -7.16363709475 3.66592062929 -2.09708330254 84.6775101084 7.50468551618 26.7231680519 -1.94385429286 40.6863115983 6.68211114432 23.5296433713 18.0135193171 18.8739494455
185 2220 1.63987024813 0 0.0539063725965 -18.9409647592 -4.81580728689 9.69015268975 -0.258168145474 -10.9902155628 19.6271732891 -20.1297087084 17.3954978261 -9.79569292612 4.57579834197 -2.70264758051 82.1676710224 6.87228136 29.4253712692 -3.37557414552 41.0883834796 7.9010672731 21.8288277412 17.7936781614 20.1282119411
186 2232 1.65743708362 0 0.053861434462 -17.1559599613 -4.60234076529 8.99950979898 -1.02674362228 -11.622037151 23.3713445413 -21.1669392732 16.8425566513 -10.7395668508 5.13089739311 -0.929913398163 85.8739045811 5.87806089524 26.7166829438 -2.60394668709 41.4718837716 6.8604696743 24.9656743773 16.6458394176 17.5943139268
187 2244 1.71568289784 0 0.0539837312919 -16.0564782025 -2.34199909344 7.43529284248 -0.196490854048 -13.1485600809 22.8572909956 -21.9492242677 17.7589535943 -9.13364324964 3.5072447518 -1.17727676685 83.9184637991 6.49582590331 24.3134504738 -1.0674404437 40.4585504304 7.99286869285 23.9538089624 17.7109598241 16.2446521025
188 2256 1.70874399984 0 0.0537815405931 -16.3715597471 -3.92755012759 10.990266107 1.35739438361 -11.4475615333 21.6728320208 -21.2156097629 18.0534022689 -11.8204971287 7.01444592035 -1.46075257557 82.6515108706 8.55472618548 28.2228797631 -1.99323814901 39.106751864 8.9745835381 24.2505596081 17.2892721429 16.7405518304
189 2268 1.78549136638 0 0.0538721371932 -10.0816386307 -1.1850232661 11.77864684 0.641261646199 -10.4843245443 20.0370373052 -18.8594754315 16.3955335095 -9.18216786338 3.01356485702 0.117542590789 82.6386622162 9.93743361096 30.5453439954 -3.7469580559 40.4424186982 10.5569034103 24.9550672335 16.1579879896 16.3605664624
190 2280 1.81313624012 0 0.0537007717337 -8.65755889359 -2.72080055081 11.7849736765 0.532482684134 -9.4385158583 19.8488241343 -20.3743426833 17.5821554158 -10.1305945998 4.09002502233 0.490205341107 81.4352304319 9.01471551851 26.4051791416 -0.702074212297 38.9441527012 8.87473786926 25.1368330448 16.8714327709 16.9171810882
191 2292 1.83910578273 0 0.0538472893396 -11.3045908396 -3.41144685524 9.35651236241 3.05372748753 -8.35663315405 18.2164146355 -17.6220043159 15.1302220848 -10.251210219 4.47129512975 -1.51633730223 84.8211480706 10.6326791063 27.6894162513 -3.76681621484 40.1445728186 11.3047510752 24.2842777811 15.66573495 18.0175941314
192 2304 1.84406801684 0 0.0536865671549 -10.0279807021 -1.15837777839 11.2892290496 1.48588086843 -9.05942437805 17.2035013429 -17.9388259921 18.4330282102 -11.3155791329 3.99807393607 -1.62678006071 86.0608035544 7.25871835302 28.1683237723 -0.439415028487 38.104654116 9.12679920243 25.9465717198 15.5838556179 16.8814638019
193 2316 1.86009984501 0 0.0538586612176 -11.1213027257 -1.41868592838 7.72616259429 1.38366903963 -8.70260664899 17.7732842224 -18.9192749334 17.7895531981 -10.0507718958 4.23387728611 -0.923183685715 82.3140629175 7.88241455192 29.1420368533 -2.9753554067 37.8983617865 8.84325497041 26.992731551 16.3898248969 15.2930645013
194 2328 1.80643232372 0 0.0536521335605 -11.5422228332 -1.47926314448 3.92759453867 3.25198050226 -8.65624346725 17.0538101392 -18.7117692856 17.1808426896 -11.0794603081 6.29122119041 -2.15325197614 84.0847129849 8.55328187813 25.2726213061 0.804442183413 37.0259190113 11.5516821842 25.0867686725 15.2017327699 16.186430114
195 2340 1.83373989672 0 0.0538831340223 -10.8981198532 1.88327249864 4.38664992873 1.47125663038 -9.7873195378 15.8665276523 -19.9254991221 18.8164041379 -8.88370625094 3.28575207246 -0.3062497395 81.1695512624 9.3833025057 25.4312258025 1.51418890434 35.7858304078 11.3667671766 27.1984268187 15.3069636462 14.7653655423
196 2352 1.83101430237 0 0.0535952638768 -10.1523804884 2.27738051199 6.16302072034 2.20799406103 -11.4046434915 16.5072074604 -15.7405205486 15.5859565618 -8.5130513831 2.5991331551 0.880904159104 82.395184686 8.61343653268 29.0241190129 0.419188618295 37.2579287005 9.28059059779 26.7169787985 14.42420106 18.1596914603
197 2364 1.88391411021 0 0.0536504031107 -9.92716646542 0.630859178293 4.97517985 3.25578629814 -10.2420765328 17.2847508029 -18.0529737895 16.9197816443 -7.85348491119 1.39678105766 -0.73099379107 82.7883615129 11.9674051835 26.1632547965 1.02675872985 35.936152536 9.19144895438 28.9544612559 12.5337542138 18.7512816808
198 2376 1.91064498805 0 0.0536746040148 -7.80349362249 1.80636851653 5.90941377338 4.39735602658 -8.63449743453 15.8725080292 -15.397514672 14.6352150799 -7.41020156976 1.11624011157 -2.49735547807 84.0729380411 15.1684767613 26.1005586998 1.48120421811 36.1978032017 9.5569431731 27.9919094279 13.8171627058 17.9504698871
199 2388 1.80880826075 0 0.0538205111014 -8.79089140019 2.30589058378 6.93726489971 4.01685294733 -9.37808616488 18.4293756005 -16.4833371375 13.7349835417 -6.6180628315 0.630363433086 -3.56180507772 80.8685327766 14.1009083488 27.7682381888 2.07849425425 35.8141244098 10.348209251 25.551250912 14.2112905645 20.0419544041
200 2400 1.76306055241 0 0.0536569023755 -9.92707639716 0.790426418247 5.17897075653 3.90034822977 -8.62758590593 15.7842231127 -17.82868936 14.7047099893 -4.42395574097 -0.445007994757 -1.14873438547 82.6178380687 11.7047349771 28.603861888 0.660328730567 36.9799493256 10.3932421613 26.2580037255 14.5997249081 17.5949227882
