%  columns="iteration, evaluation, min max(neg(.)) min(pos(.)) max correlation, correlation matrix principle axes lengths  (sorted square roots of eigenvalues of correlation matrix)", seed=1068068, Thu Aug 17 17:07:08 2017
0 0 0.0 0 0 0.0 1 1 1 1 1 1 1 1 1 1 1 1 1 1 1 1 1 1 1 1
1 12 -0.025989177639 -6.08894818485e-05 3.82672423129e-05 0.0162530094406 1 1 1 1 1 1 1 1 1 1 1 1 1 1 1 1 1 1 1 1
2 24 -0.0359560962425 -0.000219382136021 4.49511912474e-05 0.0605394857211 1 1 1 1 1 1 1 1 1 1 1 1 1 1 1 1 1 1 1 1
3 36 -0.0723616026826 -5.66675807688e-05 6.38069980082e-05 0.0695132301739 1 1 1 1 1 1 1 1 1 1 1 1 1 1 1 1 1 1 1 1
4 48 -0.0939830177585 -0.000763718146058 0.000204669825444 0.0874000022071 0.926153275053 0.930709622364 0.952148143582 0.962651636588 0.971004220653 0.974266079566 0.981428652936 0.984275382416 0.990618954836 0.996551193826 0.997321734613 0.998876324825 1.00045556224 1.01046792624 1.01734826149 1.02010900378 1.0295656606 1.03606745821 1.03714674612 1.15980845499
5 60 -0.113696620105 -0.000141286457424 0.000548486056736 0.0925770370284 0.926153275053 0.930709622364 0.952148143582 0.962651636588 0.971004220653 0.974266079566 0.981428652936 0.984275382416 0.990618954836 0.996551193826 0.997321734613 0.998876324825 1.00045556224 1.01046792624 1.01734826149 1.02010900378 1.0295656606 1.03606745821 1.03714674612 1.15980845499
6 72 -0.121078842049 -9.00216923942e-05 0.00123691967958 0.105440799632 0.904855168463 0.923923429581 0.933980119366 0.949758900224 0.960497514585 0.966473707128 0.973174469836 0.976022606166 0.983260562161 0.987684392577 0.999438452783 1.00060021031 1.00563824297 1.00994390485 1.01830753795 1.02923693171 1.03386755817 1.05175867759 1.05420160936 1.20022209136
7 84 -0.122932792218 -0.00040989346793 0.00142661331458 0.102069579496 0.904855168463 0.923923429581 0.933980119366 0.949758900224 0.960497514585 0.966473707128 0.973174469836 0.976022606166 0.983260562161 0.987684392577 0.999438452783 1.00060021031 1.00563824297 1.00994390485 1.01830753795 1.02923693171 1.03386755817 1.05175867759 1.05420160936 1.20022209136
8 96 -0.11723833193 -0.000602890977415 0.000216871476024 0.106451993149 0.903071700075 0.921614209394 0.928913316162 0.936647220633 0.943922191604 0.95098152532 0.966018440057 0.971956827394 0.983001154396 0.987926825198 0.999477129682 1.00314748974 1.00674167428 1.01440364784 1.02736064689 1.03554320701 1.0383578678 1.06057939081 1.06392068539 1.21193972608
9 108 -0.121804009888 -0.000333543934083 0.00097342619664 0.118550191709 0.903071700075 0.921614209394 0.928913316162 0.936647220633 0.943922191604 0.95098152532 0.966018440057 0.971956827394 0.983001154396 0.987926825198 0.999477129682 1.00314748974 1.00674167428 1.01440364784 1.02736064689 1.03554320701 1.0383578678 1.06057939081 1.06392068539 1.21193972608
10 120 -0.127820748534 -0.00144698239583 0.000491076588673 0.112623939199 0.894153496742 0.9117500876 0.917353708217 0.928914143135 0.945895286111 0.954120094582 0.967926381093 0.976115466226 0.98223142425 0.989160659062 0.992000972507 1.0057315898 1.01125369522 1.01769457264 1.02579995783 1.03922906832 1.04534845475 1.05435425899 1.07200079458 1.21944898723
11 132 -0.133775040036 -0.000189455904782 0.000778148977559 0.120952293389 0.894153496742 0.9117500876 0.917353708217 0.928914143135 0.945895286111 0.954120094582 0.967926381093 0.976115466226 0.98223142425 0.989160659062 0.992000972507 1.0057315898 1.01125369522 1.01769457264 1.02579995783 1.03922906832 1.04534845475 1.05435425899 1.07200079458 1.21944898723
12 144 -0.144599974009 -0.00143124573897 5.53495371756e-05 0.129463069095 0.88132726653 0.89703184096 0.905387262964 0.920811195068 0.946129118951 0.953768761349 0.96397295951 0.976215867555 0.977792546138 0.980041530377 0.99364024068 1.00194227132 1.01512024021 1.0168583777 1.02902722962 1.04630601265 1.04956924487 1.06483543351 1.0852675285 1.23480052484
13 156 -0.139017067941 -0.000230265691384 0.000134817119237 0.131959240736 0.88132726653 0.89703184096 0.905387262964 0.920811195068 0.946129118951 0.953768761349 0.96397295951 0.976215867555 0.977792546138 0.980041530377 0.99364024068 1.00194227132 1.01512024021 1.0168583777 1.02902722962 1.04630601265 1.04956924487 1.06483543351 1.0852675285 1.23480052484
14 168 -0.141367689514 -0.000212505769299 0.000145066564691 0.131953521003 0.872987254346 0.889110507847 0.905860935421 0.922801050003 0.935435646269 0.95347513861 0.960323596358 0.969474794546 0.975265870558 0.992561407784 0.993945128203 1.00019734265 1.01481496876 1.02374403948 1.02964808644 1.04325796485 1.05605538591 1.06358323463 1.08862751838 1.24350045087
15 180 -0.141070447854 -0.00172416681984 0.000129394405173 0.135577541271 0.872987254346 0.889110507847 0.905860935421 0.922801050003 0.935435646269 0.95347513861 0.960323596358 0.969474794546 0.975265870558 0.992561407784 0.993945128203 1.00019734265 1.01481496876 1.02374403948 1.02964808644 1.04325796485 1.05605538591 1.06358323463 1.08862751838 1.24350045087
16 192 -0.139019882479 -8.96024243585e-06 0.000799607550818 0.144436555449 0.864208154093 0.871736010782 0.910187790767 0.913583349727 0.928493453098 0.946649800261 0.958381865329 0.967652330998 0.970674094863 0.98141799401 0.995567356195 1.00666738154 1.01920339883 1.03173771407 1.03794218741 1.04782170388 1.06105949141 1.0707390729 1.09384353124 1.24891663188
17 204 -0.142877985536 -7.0752518089e-05 4.69661022387e-05 0.161401072934 0.864208154093 0.871736010782 0.910187790767 0.913583349727 0.928493453098 0.946649800261 0.958381865329 0.967652330998 0.970674094863 0.98141799401 0.995567356195 1.00666738154 1.01920339883 1.03173771407 1.03794218741 1.04782170388 1.06105949141 1.0707390729 1.09384353124 1.24891663188
18 216 -0.137801693216 -0.00199804930888 0.000636765619177 0.156839158497 0.857815042021 0.870855973369 0.909212439376 0.909907806687 0.933922880987 0.94199842396 0.950000480736 0.956540474806 0.970792169057 0.987170186173 1.00190024983 1.00608538661 1.02184277588 1.03465573378 1.04270350119 1.04778320695 1.05908255162 1.08228574283 1.08670836036 1.25198926687
19 228 -0.135462122279 -0.000606615021573 0.00086522613933 0.163698791416 0.857815042021 0.870855973369 0.909212439376 0.909907806687 0.933922880987 0.94199842396 0.950000480736 0.956540474806 0.970792169057 0.987170186173 1.00190024983 1.00608538661 1.02184277588 1.03465573378 1.04270350119 1.04778320695 1.05908255162 1.08228574283 1.08670836036 1.25198926687
20 240 -0.134948469432 -0.000320035199097 0.000392434219688 0.150055480544 0.853872601039 0.873633192606 0.907384175155 0.911044488006 0.931524440251 0.942540886937 0.943782584444 0.961243832473 0.969856768243 0.987325544129 1.00254033087 1.01834506709 1.02214894055 1.0329735512 1.04741785344 1.05206953283 1.06264086955 1.06833000531 1.08870566089 1.24674077726
21 252 -0.132187210801 -0.00357217996455 0.000593426036668 0.141019925659 0.853872601039 0.873633192606 0.907384175155 0.911044488006 0.931524440251 0.942540886937 0.943782584444 0.961243832473 0.969856768243 0.987325544129 1.00254033087 1.01834506709 1.02214894055 1.0329735512 1.04741785344 1.05206953283 1.06264086955 1.06833000531 1.08870566089 1.24674077726
22 264 -0.150595729535 -0.000450415580664 0.000223411929412 0.148773932802 0.850102492101 0.859621440073 0.892834832424 0.901551767553 0.933394898697 0.941793892769 0.949757948926 0.959208238349 0.972247527419 0.975807653153 1.00205369571 1.00811497298 1.02259934134 1.0278609487 1.05369158968 1.0606262173 1.06350863649 1.06689698778 1.10498240209 1.26590840673
23 276 -0.152910759173 -9.18787707022e-05 0.00136853012887 0.132358887437 0.850102492101 0.859621440073 0.892834832424 0.901551767553 0.933394898697 0.941793892769 0.949757948926 0.959208238349 0.972247527419 0.975807653153 1.00205369571 1.00811497298 1.02259934134 1.0278609487 1.05369158968 1.0606262173 1.06350863649 1.06689698778 1.10498240209 1.26590840673
24 288 -0.151470000252 -0.000467176777718 3.16082827964e-05 0.123657609451 0.845449704276 0.866196228188 0.887366732123 0.901871611265 0.922372883352 0.93956775222 0.956560786176 0.961067649422 0.967772795121 0.968634082667 0.996143416779 1.00993298078 1.01337023952 1.03614871856 1.0544024474 1.0660963927 1.07189654677 1.08125809703 1.10153458136 1.26273364024
25 300 -0.141798180033 -0.0010959285727 0.000258191511174 0.124392593276 0.845449704276 0.866196228188 0.887366732123 0.901871611265 0.922372883352 0.93956775222 0.956560786176 0.961067649422 0.967772795121 0.968634082667 0.996143416779 1.00993298078 1.01337023952 1.03614871856 1.0544024474 1.0660963927 1.07189654677 1.08125809703 1.10153458136 1.26273364024
26 312 -0.13904148989 -0.0011561192956 0.000220175584814 0.126401062633 0.842292188225 0.868486187972 0.885871919465 0.893864370481 0.924872712397 0.932948863068 0.95178767599 0.963495130572 0.96790030995 0.974619482925 0.990991324378 1.00561676472 1.01740718579 1.05407974797 1.06006542217 1.06303262217 1.07561049586 1.08007524471 1.10457178637 1.252559936
27 324 -0.135849541392 -0.000233417929428 0.000170071902252 0.127865389235 0.842292188225 0.868486187972 0.885871919465 0.893864370481 0.924872712397 0.932948863068 0.95178767599 0.963495130572 0.96790030995 0.974619482925 0.990991324378 1.00561676472 1.01740718579 1.05407974797 1.06006542217 1.06303262217 1.07561049586 1.08007524471 1.10457178637 1.252559936
28 336 -0.121639569862 -0.000184647255739 0.00181744685942 0.117695840216 0.840912237966 0.871253165731 0.881072997847 0.890076946447 0.924693493655 0.930299415 0.944811203491 0.958313921781 0.96538524451 0.980438057305 1.00081669727 1.00281295861 1.0397784777 1.04738514732 1.05543591552 1.06785487412 1.07281257834 1.08220284114 1.09681771899 1.25526924747
29 348 -0.125344806983 -0.000287975941513 0.000194313048607 0.118530159008 0.840912237966 0.871253165731 0.881072997847 0.890076946447 0.924693493655 0.930299415 0.944811203491 0.958313921781 0.96538524451 0.980438057305 1.00081669727 1.00281295861 1.0397784777 1.04738514732 1.05543591552 1.06785487412 1.07281257834 1.08220284114 1.09681771899 1.25526924747
30 360 -0.121303410103 -7.03225794684e-05 0.000175655185004 0.11340060252 0.841141048083 0.865722974485 0.874020009112 0.888796447922 0.908069474914 0.923611056909 0.946830873459 0.95860115428 0.963755813759 0.986783390114 0.998724685542 1.00399097738 1.03321158337 1.04429157754 1.05902700993 1.06532339069 1.0782257986 1.09922768962 1.11223570838 1.25124076831
31 372 -0.12189766751 -0.000807435320691 9.66046598381e-05 0.135537028002 0.841141048083 0.865722974485 0.874020009112 0.888796447922 0.908069474914 0.923611056909 0.946830873459 0.95860115428 0.963755813759 0.986783390114 0.998724685542 1.00399097738 1.03321158337 1.04429157754 1.05902700993 1.06532339069 1.0782257986 1.09922768962 1.11223570838 1.25124076831
32 384 -0.135821134629 -0.000278317912583 0.0011660485311 0.133253059424 0.828422217067 0.859356132997 0.870936926291 0.885289078026 0.910758827462 0.921493299786 0.947238166694 0.955463366574 0.961969879294 0.986382084627 0.988386435009 1.00124665958 1.02398760618 1.03411494155 1.06302278457 1.06994845613 1.08856407271 1.11231716081 1.13353779165 1.25161294668
33 396 -0.150545201622 -0.00142089358633 0.000349471359128 0.126876517836 0.828422217067 0.859356132997 0.870936926291 0.885289078026 0.910758827462 0.921493299786 0.947238166694 0.955463366574 0.961969879294 0.986382084627 0.988386435009 1.00124665958 1.02398760618 1.03411494155 1.06302278457 1.06994845613 1.08856407271 1.11231716081 1.13353779165 1.25161294668
34 408 -0.152716948923 -4.91162235154e-05 0.000462581808906 0.140466794458 0.816837128288 0.848853534236 0.865149765329 0.876545179174 0.911641582254 0.922034736883 0.929262906855 0.951943553781 0.958536857671 0.983565484708 0.99850461589 1.00157916089 1.02087824406 1.02456126283 1.05644070398 1.06994743614 1.0895066366 1.1340479234 1.16441724796 1.25552732869
35 420 -0.148727181693 -0.000962777221537 0.000333543760717 0.140629201539 0.816837128288 0.848853534236 0.865149765329 0.876545179174 0.911641582254 0.922034736883 0.929262906855 0.951943553781 0.958536857671 0.983565484708 0.99850461589 1.00157916089 1.02087824406 1.02456126283 1.05644070398 1.06994743614 1.0895066366 1.1340479234 1.16441724796 1.25552732869
36 432 -0.14725716265 -0.000105113411974 0.000361446410988 0.157817336846 0.81220758577 0.839071954367 0.87000822662 0.879841959099 0.905191506607 0.909030694861 0.926714186068 0.945739553114 0.957756137853 0.978938145703 1.00449770073 1.00500401427 1.02539417986 1.03262702648 1.05255076291 1.06906100173 1.08311233222 1.13572434709 1.206909576 1.23430359532
37 444 -0.164410110869 -0.00214808752431 0.000326249601538 0.162533793406 0.81220758577 0.839071954367 0.87000822662 0.879841959099 0.905191506607 0.909030694861 0.926714186068 0.945739553114 0.957756137853 0.978938145703 1.00449770073 1.00500401427 1.02539417986 1.03262702648 1.05255076291 1.06906100173 1.08311233222 1.13572434709 1.206909576 1.23430359532
38 456 -0.166181937598 -0.00071722122733 0.000147483777584 0.178209647295 0.804097984917 0.832863185608 0.857050657626 0.866797672456 0.893419088575 0.896771404166 0.913575033 0.93348254198 0.955489023612 0.975922998017 0.996654521887 0.99827875392 1.01225351814 1.03651446401 1.05475482136 1.06101603457 1.07795433111 1.15492411153 1.24401912515 1.27652614934
39 468 -0.181337667888 -0.000400814822804 0.00303220673645 0.205165491783 0.804097984917 0.832863185608 0.857050657626 0.866797672456 0.893419088575 0.896771404166 0.913575033 0.93348254198 0.955489023612 0.975922998017 0.996654521887 0.99827875392 1.01225351814 1.03651446401 1.05475482136 1.06101603457 1.07795433111 1.15492411153 1.24401912515 1.27652614934
40 480 -0.178381399607 -0.0021948414464 0.000430100901284 0.216746453948 0.784166758371 0.828267262493 0.847378449703 0.859263484489 0.887206176737 0.899333175308 0.91243937853 0.929438270506 0.965328221298 0.972890754135 0.980810301848 0.988392400877 1.00218724179 1.02758665633 1.05067174082 1.0564223884 1.08204579088 1.15095768126 1.23664817446 1.35202590452
41 492 -0.16723583458 -0.000369064511829 0.000691573405919 0.22032576969 0.784166758371 0.828267262493 0.847378449703 0.859263484489 0.887206176737 0.899333175308 0.91243937853 0.929438270506 0.965328221298 0.972890754135 0.980810301848 0.988392400877 1.00218724179 1.02758665633 1.05067174082 1.0564223884 1.08204579088 1.15095768126 1.23664817446 1.35202590452
42 504 -0.167310879568 -6.95797423898e-05 0.00103626032866 0.223501411539 0.772641644647 0.818878485756 0.828112765432 0.847988804576 0.879322650001 0.885396378026 0.905812617652 0.92268868926 0.948804816154 0.965256105079 0.97482728824 0.987743640816 1.00913641316 1.02198245448 1.04688493372 1.07129803443 1.08509277709 1.14773671511 1.23201306464 1.42186898881
43 516 -0.163711233093 -0.000590158839923 0.000188018750871 0.227976564908 0.772641644647 0.818878485756 0.828112765432 0.847988804576 0.879322650001 0.885396378026 0.905812617652 0.92268868926 0.948804816154 0.965256105079 0.97482728824 0.987743640816 1.00913641316 1.02198245448 1.04688493372 1.07129803443 1.08509277709 1.14773671511 1.23201306464 1.42186898881
44 528 -0.160914112807 -0.000301194579143 0.00211352334406 0.235651692304 0.759617873846 0.801664057523 0.823850774631 0.82640260356 0.870099018052 0.885700552134 0.897798009075 0.925929372639 0.943571272054 0.96865524521 0.976813504145 0.985302135033 1.00913274945 1.01604913003 1.05579293837 1.07103871765 1.08678973074 1.1579393708 1.20443500395 1.47478425144
45 540 -0.170651805328 -0.00345855172332 0.000146216789879 0.243818005345 0.759617873846 0.801664057523 0.823850774631 0.82640260356 0.870099018052 0.885700552134 0.897798009075 0.925929372639 0.943571272054 0.96865524521 0.976813504145 0.985302135033 1.00913274945 1.01604913003 1.05579293837 1.07103871765 1.08678973074 1.1579393708 1.20443500395 1.47478425144
46 552 -0.182987977974 -0.00264151530642 0.000402917151217 0.245174457728 0.743985878128 0.782504889666 0.809724360383 0.828979799888 0.869691967271 0.875459249281 0.89005867009 0.914544243874 0.925987162776 0.96248059313 0.969706531305 0.991357198002 1.00635239804 1.02022525281 1.04772081609 1.05938994693 1.09327364989 1.17894326679 1.22229199142 1.51003230848
47 564 -0.189919679792 -0.00102531044736 0.000374745998554 0.240338360696 0.743985878128 0.782504889666 0.809724360383 0.828979799888 0.869691967271 0.875459249281 0.89005867009 0.914544243874 0.925987162776 0.96248059313 0.969706531305 0.991357198002 1.00635239804 1.02022525281 1.04772081609 1.05938994693 1.09327364989 1.17894326679 1.22229199142 1.51003230848
48 576 -0.187545041156 -0.00116048106979 0.000281675128479 0.240096165231 0.740345748813 0.781692807839 0.801409353328 0.810607993877 0.871402041287 0.883102966505 0.892019635464 0.908919139709 0.922231384412 0.957737525383 0.968354002945 0.980235454795 1.00444869204 1.02073657535 1.04230426098 1.06647977117 1.08164537185 1.17701441786 1.25150038998 1.52247937828
49 588 -0.182687193494 -0.00330188304347 0.000678605543832 0.230205958294 0.740345748813 0.781692807839 0.801409353328 0.810607993877 0.871402041287 0.883102966505 0.892019635464 0.908919139709 0.922231384412 0.957737525383 0.968354002945 0.980235454795 1.00444869204 1.02073657535 1.04230426098 1.06647977117 1.08164537185 1.17701441786 1.25150038998 1.52247937828
50 600 -0.176874355399 -0.000109428550735 0.00110250978499 0.227750744437 0.729596350372 0.784527169971 0.800163324956 0.809515839996 0.867984741967 0.876885081229 0.87844938505 0.902363644431 0.907398365104 0.956641287268 0.972846304203 0.981169775384 1.00427931715 1.01422022109 1.04303631416 1.06188862717 1.09582572844 1.183131779 1.27328076637 1.52514971551
51 612 -0.186807742897 -0.0005359899041 0.000734742412374 0.250704366409 0.729596350372 0.784527169971 0.800163324956 0.809515839996 0.867984741967 0.876885081229 0.87844938505 0.902363644431 0.907398365104 0.956641287268 0.972846304203 0.981169775384 1.00427931715 1.01422022109 1.04303631416 1.06188862717 1.09582572844 1.183131779 1.27328076637 1.52514971551
52 624 -0.188576755269 -0.000683983365864 0.000147960614303 0.252657614463 0.720634233989 0.774210907295 0.804376205679 0.810028457873 0.854434382912 0.867161507762 0.877548901848 0.902160674523 0.914708508114 0.950578852721 0.975985963059 0.99387491761 1.00498739643 1.01329547708 1.0432829343 1.04999743703 1.11187883553 1.1762316556 1.27469872592 1.53594338759
53 636 -0.188457050203 -0.000542696489059 0.00172367765331 0.236047901834 0.720634233989 0.774210907295 0.804376205679 0.810028457873 0.854434382912 0.867161507762 0.877548901848 0.902160674523 0.914708508114 0.950578852721 0.975985963059 0.99387491761 1.00498739643 1.01329547708 1.0432829343 1.04999743703 1.11187883553 1.1762316556 1.27469872592 1.53594338759
54 648 -0.192318303595 -0.00105391824719 0.00199843553114 0.235175536727 0.713018525504 0.767968520763 0.799908724316 0.805432164439 0.851158225117 0.864769575857 0.882450512609 0.905386275098 0.929917995849 0.951022343331 0.975593681719 0.980765417627 1.01084474371 1.01701957843 1.03475466565 1.05625948091 1.12672607884 1.19655830235 1.2808398171 1.50840575822
55 660 -0.19116756471 -1.0338356187e-05 9.49414312152e-05 0.240569785288 0.713018525504 0.767968520763 0.799908724316 0.805432164439 0.851158225117 0.864769575857 0.882450512609 0.905386275098 0.929917995849 0.951022343331 0.975593681719 0.980765417627 1.01084474371 1.01701957843 1.03475466565 1.05625948091 1.12672607884 1.19655830235 1.2808398171 1.50840575822
56 672 -0.203552879855 -0.000818562602143 0.00204174037043 0.241970498488 0.715482022423 0.766400241404 0.790823899018 0.808487081773 0.838922122381 0.859171673731 0.881885037454 0.915737048301 0.928895449911 0.951262715399 0.978402146641 0.989355171048 1.01451589545 1.01834376928 1.03770394354 1.08147033645 1.12325060376 1.20404942626 1.27737377524 1.48451128897
57 684 -0.203374813056 -0.00430334168176 0.000451847665745 0.239105181299 0.715482022423 0.766400241404 0.790823899018 0.808487081773 0.838922122381 0.859171673731 0.881885037454 0.915737048301 0.928895449911 0.951262715399 0.978402146641 0.989355171048 1.01451589545 1.01834376928 1.03770394354 1.08147033645 1.12325060376 1.20404942626 1.27737377524 1.48451128897
58 696 -0.20241173322 -0.000521971139845 0.000298377785762 0.252885616477 0.717406726053 0.76620074339 0.793615809164 0.801587432411 0.830000309574 0.855136564153 0.883903601529 0.917250093518 0.932243639491 0.944171980812 0.984581586681 0.990475036976 1.00781952497 1.0144298771 1.04086154956 1.071115015 1.13206533541 1.21787676892 1.29794648951 1.4653372979
59 708 -0.217301460808 -0.00125390300249 0.000274551834159 0.254378750694 0.717406726053 0.76620074339 0.793615809164 0.801587432411 0.830000309574 0.855136564153 0.883903601529 0.917250093518 0.932243639491 0.944171980812 0.984581586681 0.990475036976 1.00781952497 1.0144298771 1.04086154956 1.071115015 1.13206533541 1.21787676892 1.29794648951 1.4653372979
60 720 -0.21826073222 -0.000589954285828 0.000506135837971 0.250928649133 0.713788060604 0.763451666657 0.784108998631 0.789339408714 0.820802908338 0.854739203431 0.886364410873 0.913677279292 0.933229641029 0.941399101252 0.984117392318 0.990223725938 1.00792243165 1.01360802392 1.03352702352 1.07891255589 1.15281692513 1.24163220426 1.29715782202 1.45259939379
61 732 -0.226561989734 -6.68793937516e-05 0.000243032795772 0.258639751898 0.713788060604 0.763451666657 0.784108998631 0.789339408714 0.820802908338 0.854739203431 0.886364410873 0.913677279292 0.933229641029 0.941399101252 0.984117392318 0.990223725938 1.00792243165 1.01360802392 1.03352702352 1.07891255589 1.15281692513 1.24163220426 1.29715782202 1.45259939379
62 744 -0.228837415786 -0.000407422859303 0.000757836838862 0.277849477049 0.698313910773 0.757157610704 0.78681704071 0.792364908626 0.80642345957 0.85222784136 0.880077557754 0.916146141108 0.918285751886 0.94625381086 0.981988741454 0.993172252625 1.00717891801 1.02579268449 1.04083034622 1.08973034226 1.15711273247 1.25522256786 1.31070439504 1.4291248575
63 756 -0.232586541747 -0.000281892876558 0.000694532626295 0.272962197637 0.698313910773 0.757157610704 0.78681704071 0.792364908626 0.80642345957 0.85222784136 0.880077557754 0.916146141108 0.918285751886 0.94625381086 0.981988741454 0.993172252625 1.00717891801 1.02579268449 1.04083034622 1.08973034226 1.15711273247 1.25522256786 1.31070439504 1.4291248575
64 768 -0.245502831888 -0.00181030299382 0.000428019716599 0.27318257669 0.686386011573 0.752112976832 0.791889529513 0.793757673947 0.806179705708 0.857979838088 0.874548678985 0.910218951813 0.920917458188 0.93451158757 0.975018056766 0.981552412203 1.00808105153 1.02604617005 1.05895926283 1.08779370083 1.15820877919 1.28036908462 1.31023561473 1.42125537011
65 780 -0.269408577842 -0.00051753120862 0.000184842855424 0.280545270607 0.686386011573 0.752112976832 0.791889529513 0.793757673947 0.806179705708 0.857979838088 0.874548678985 0.910218951813 0.920917458188 0.93451158757 0.975018056766 0.981552412203 1.00808105153 1.02604617005 1.05895926283 1.08779370083 1.15820877919 1.28036908462 1.31023561473 1.42125537011
66 792 -0.275561497578 -0.000103023270181 0.000142873530032 0.280075165243 0.671757939424 0.735145110506 0.787504943924 0.799186045384 0.807189610255 0.853417791343 0.881527876306 0.898442104881 0.921190098213 0.922340342652 0.965796552206 0.982634664095 1.00866414299 1.02076316774 1.06342233877 1.08598124539 1.1650208834 1.30834424171 1.32061743125 1.4159750507
67 804 -0.291985074986 -0.000515774175382 0.000294512045218 0.280879433423 0.671757939424 0.735145110506 0.787504943924 0.799186045384 0.807189610255 0.853417791343 0.881527876306 0.898442104881 0.921190098213 0.922340342652 0.965796552206 0.982634664095 1.00866414299 1.02076316774 1.06342233877 1.08598124539 1.1650208834 1.30834424171 1.32061743125 1.4159750507
68 816 -0.297269488704 -0.00358785877791 0.000145655056644 0.274574302799 0.640361569709 0.725236982436 0.771392637753 0.796937623543 0.817990504893 0.847928502394 0.881968653269 0.895784686628 0.921173169315 0.92401047915 0.958527736121 0.987754495948 1.00799348411 1.03408388334 1.06657997149 1.08043653553 1.16685595067 1.31042850946 1.33927833896 1.41628877706
69 828 -0.314754917558 -0.000337979720001 0.00328230998145 0.268841878212 0.640361569709 0.725236982436 0.771392637753 0.796937623543 0.817990504893 0.847928502394 0.881968653269 0.895784686628 0.921173169315 0.92401047915 0.958527736121 0.987754495948 1.00799348411 1.03408388334 1.06657997149 1.08043653553 1.16685595067 1.31042850946 1.33927833896 1.41628877706
70 840 -0.320417931196 -4.83683834584e-05 0.000457251030675 0.26697136301 0.62900185206 0.708728383442 0.771054794635 0.788512748083 0.817884915429 0.838861449927 0.881764904808 0.907080024959 0.911781981104 0.925383320747 0.952931446735 0.995183827329 1.00803997178 1.02899930797 1.07323000496 1.07837954635 1.16482052532 1.31171093721 1.33738205655 1.43910138431
71 852 -0.321686370606 -0.00141580835238 0.000742860569653 0.250504148142 0.62900185206 0.708728383442 0.771054794635 0.788512748083 0.817884915429 0.838861449927 0.881764904808 0.907080024959 0.911781981104 0.925383320747 0.952931446735 0.995183827329 1.00803997178 1.02899930797 1.07323000496 1.07837954635 1.16482052532 1.31171093721 1.33738205655 1.43910138431
72 864 -0.31804155422 -0.000375062040531 0.000585608436766 0.247994390871 0.623710169717 0.705399476174 0.776278357523 0.778859335829 0.807346416586 0.831229848225 0.873917428177 0.894667915033 0.907366763972 0.929688097068 0.975789581649 0.984499610751 1.01352943628 1.03070468178 1.07256601039 1.07501986811 1.17060418729 1.32044412617 1.33676748815 1.44627819463
73 876 -0.31362702061 -0.000781432171951 0.00147266273851 0.250292402112 0.623710169717 0.705399476174 0.776278357523 0.778859335829 0.807346416586 0.831229848225 0.873917428177 0.894667915033 0.907366763972 0.929688097068 0.975789581649 0.984499610751 1.01352943628 1.03070468178 1.07256601039 1.07501986811 1.17060418729 1.32044412617 1.33676748815 1.44627819463
74 888 -0.308758658029 -5.36111392078e-05 0.000963849153258 0.24671295399 0.612558428213 0.702706469616 0.773505932609 0.780840847323 0.808649951364 0.821786484759 0.870471014017 0.885927078956 0.904364961061 0.931044207457 0.974022928805 0.988566459127 1.01530695695 1.0304441259 1.06824887784 1.08109960637 1.17490704943 1.31072956557 1.34451204005 1.460029947
75 900 -0.318294968893 -0.000178747646656 0.000359624022459 0.245474801717 0.612558428213 0.702706469616 0.773505932609 0.780840847323 0.808649951364 0.821786484759 0.870471014017 0.885927078956 0.904364961061 0.931044207457 0.974022928805 0.988566459127 1.01530695695 1.0304441259 1.06824887784 1.08109960637 1.17490704943 1.31072956557 1.34451204005 1.460029947
76 912 -0.329079816875 -0.000143078515317 0.00282021970617 0.233568672184 0.597300018721 0.700635110486 0.762639085128 0.782423273208 0.810644165053 0.81448560053 0.874660763106 0.880551228124 0.905462361804 0.926852772574 0.971057157772 0.993754394805 1.02614431523 1.04519934497 1.06352261116 1.10736376816 1.17859769544 1.30699243388 1.34118867712 1.44545164234
77 924 -0.328487098859 -0.00108216020754 0.00129749633084 0.239436817064 0.597300018721 0.700635110486 0.762639085128 0.782423273208 0.810644165053 0.81448560053 0.874660763106 0.880551228124 0.905462361804 0.926852772574 0.971057157772 0.993754394805 1.02614431523 1.04519934497 1.06352261116 1.10736376816 1.17859769544 1.30699243388 1.34118867712 1.44545164234
78 936 -0.328959841483 -0.000218572052962 0.000165842736372 0.243539092901 0.588838925616 0.7000902179 0.776133103335 0.779372527888 0.807635574765 0.820132779385 0.87496472769 0.887769074089 0.905189436602 0.930935082426 0.966537512102 0.997818896219 1.02721438083 1.04090206854 1.06035878511 1.12350557416 1.17844363535 1.28743199477 1.34868653529 1.43821583088
79 948 -0.330105071444 -0.00107825427473 0.000232534934834 0.240906465459 0.588838925616 0.7000902179 0.776133103335 0.779372527888 0.807635574765 0.820132779385 0.87496472769 0.887769074089 0.905189436602 0.930935082426 0.966537512102 0.997818896219 1.02721438083 1.04090206854 1.06035878511 1.12350557416 1.17844363535 1.28743199477 1.34868653529 1.43821583088
80 960 -0.329489808786 -7.03048416723e-05 0.000773409867064 0.248016310597 0.575555798381 0.708502177552 0.768785124773 0.783844292729 0.802454634047 0.813478553647 0.87657649778 0.893692845877 0.899680138378 0.932895204373 0.962292078948 0.991827739534 1.02839920227 1.04852908889 1.06886319821 1.1338046297 1.17335005768 1.28807925383 1.34248937644 1.44081285109
81 972 -0.343476866491 -0.000496679365539 0.00182629316741 0.250208657815 0.575555798381 0.708502177552 0.768785124773 0.783844292729 0.802454634047 0.813478553647 0.87657649778 0.893692845877 0.899680138378 0.932895204373 0.962292078948 0.991827739534 1.02839920227 1.04852908889 1.06886319821 1.1338046297 1.17335005768 1.28807925383 1.34248937644 1.44081285109
82 984 -0.343467721671 -0.00123612394343 0.00215161361676 0.251751395186 0.564817790824 0.702650558843 0.766707646372 0.787020755316 0.807737422215 0.815936309008 0.870663076973 0.890359728696 0.895613252111 0.932071366015 0.949516302508 0.996312326327 1.02321336372 1.04585315884 1.0712430214 1.12939884348 1.1826818499 1.2968508417 1.34775419278 1.4439726917
83 996 -0.345872218251 -0.00099943948065 0.000201939806285 0.258996497134 0.564817790824 0.702650558843 0.766707646372 0.787020755316 0.807737422215 0.815936309008 0.870663076973 0.890359728696 0.895613252111 0.932071366015 0.949516302508 0.996312326327 1.02321336372 1.04585315884 1.0712430214 1.12939884348 1.1826818499 1.2968508417 1.34775419278 1.4439726917
84 1008 -0.364389420122 -0.000682797103298 0.00139509150702 0.258091576691 0.553829890362 0.692416103663 0.759861049916 0.782849174612 0.795935759208 0.806528495914 0.885216982416 0.886658818763 0.898349563848 0.924978786926 0.943622582275 0.993634676445 1.01868306974 1.04600675064 1.06252770127 1.12945488512 1.19289787304 1.29041767439 1.36944213405 1.45925701925
85 1020 -0.362807030931 -0.00139716651293 0.000299047711187 0.261922500808 0.553829890362 0.692416103663 0.759861049916 0.782849174612 0.795935759208 0.806528495914 0.885216982416 0.886658818763 0.898349563848 0.924978786926 0.943622582275 0.993634676445 1.01868306974 1.04600675064 1.06252770127 1.12945488512 1.19289787304 1.29041767439 1.36944213405 1.45925701925
86 1032 -0.369372303195 -0.00249473567758 0.00175298328792 0.268618709818 0.54020922999 0.684990414678 0.761895202671 0.775206743284 0.800033097103 0.803914354656 0.87959626931 0.884894097959 0.903643536563 0.926035974012 0.935091613288 1.00367446248 1.01396934962 1.05364763792 1.06851279431 1.12823785685 1.19352669276 1.29069453095 1.37679329038 1.45591735892
87 1044 -0.368409852481 -0.000358565237078 0.00218979655285 0.258798160075 0.54020922999 0.684990414678 0.761895202671 0.775206743284 0.800033097103 0.803914354656 0.87959626931 0.884894097959 0.903643536563 0.926035974012 0.935091613288 1.00367446248 1.01396934962 1.05364763792 1.06851279431 1.12823785685 1.19352669276 1.29069453095 1.37679329038 1.45591735892
88 1056 -0.369686447198 -0.00078553438685 0.000618462299658 0.261271535084 0.520987658443 0.68980768655 0.75625114664 0.767214052926 0.79531512522 0.804494846104 0.876159583744 0.887635492466 0.909280239156 0.926341393582 0.960049344426 1.00112490445 1.01186408154 1.05672233234 1.06759603798 1.1322648939 1.18447453454 1.28529611938 1.38198328584 1.45633404134
89 1068 -0.354455779735 -0.00585975466378 0.00322004804702 0.248516820525 0.520987658443 0.68980768655 0.75625114664 0.767214052926 0.79531512522 0.804494846104 0.876159583744 0.887635492466 0.909280239156 0.926341393582 0.960049344426 1.00112490445 1.01186408154 1.05672233234 1.06759603798 1.1322648939 1.18447453454 1.28529611938 1.38198328584 1.45633404134
90 1080 -0.368117971178 -0.00274276761773 0.00216790827657 0.24175088528 0.50953964213 0.679627638723 0.752235738351 0.75952332528 0.786481698384 0.80390571261 0.870798455313 0.885599405856 0.897406401773 0.931798642983 0.955484009352 0.989439024067 1.01734033004 1.04544928769 1.09372901512 1.12270534883 1.18115209046 1.29775254879 1.37747085907 1.48373079202
91 1092 -0.376220573175 -0.00213896773464 0.00261000374579 0.250638440567 0.50953964213 0.679627638723 0.752235738351 0.75952332528 0.786481698384 0.80390571261 0.870798455313 0.885599405856 0.897406401773 0.931798642983 0.955484009352 0.989439024067 1.01734033004 1.04544928769 1.09372901512 1.12270534883 1.18115209046 1.29775254879 1.37747085907 1.48373079202
92 1104 -0.372032841225 -0.00081090974476 9.31610162554e-05 0.263260339031 0.49584593087 0.670013787241 0.731469424315 0.752699663089 0.780199320234 0.79471277044 0.860549361662 0.878660558194 0.896095936117 0.931939382452 0.939988445823 0.990270970478 1.01419939845 1.03434299582 1.10996616259 1.12122874903 1.17625507276 1.29687385956 1.37919168776 1.53615074734
93 1116 -0.370263794273 -0.000390586843838 0.00380334251779 0.269179029551 0.49584593087 0.670013787241 0.731469424315 0.752699663089 0.780199320234 0.79471277044 0.860549361662 0.878660558194 0.896095936117 0.931939382452 0.939988445823 0.990270970478 1.01419939845 1.03434299582 1.10996616259 1.12122874903 1.17625507276 1.29687385956 1.37919168776 1.53615074734
94 1128 -0.376539356232 -7.72148075807e-05 0.00182476043325 0.256870648941 0.485344875297 0.664555786417 0.718487342215 0.753474980316 0.770472188428 0.792048875924 0.848028048159 0.877093301454 0.901464195391 0.933309556105 0.93935478362 0.983202039485 1.01466561631 1.03082091603 1.09830512048 1.10964594018 1.19264885729 1.31134807809 1.38907405857 1.54769767104
95 1140 -0.387926606797 -0.000140835296143 0.00590046956468 0.263510299735 0.485344875297 0.664555786417 0.718487342215 0.753474980316 0.770472188428 0.792048875924 0.848028048159 0.877093301454 0.901464195391 0.933309556105 0.93935478362 0.983202039485 1.01466561631 1.03082091603 1.09830512048 1.10964594018 1.19264885729 1.31134807809 1.38907405857 1.54769767104
96 1152 -0.400125201178 -0.00386186346135 0.00475669376596 0.261036919828 0.463688711875 0.664108852303 0.701602844252 0.755598272706 0.773907620237 0.795488951485 0.851910488401 0.867209472338 0.89688578119 0.92477664387 0.949672172845 0.978244701585 1.01347481205 1.02797894799 1.10508764915 1.11038825479 1.21183547862 1.30200161865 1.38063931362 1.56358899626
97 1164 -0.402990221578 -0.00328468763444 0.00294799530168 0.25754132737 0.463688711875 0.664108852303 0.701602844252 0.755598272706 0.773907620237 0.795488951485 0.851910488401 0.867209472338 0.89688578119 0.92477664387 0.949672172845 0.978244701585 1.01347481205 1.02797894799 1.10508764915 1.11038825479 1.21183547862 1.30200161865 1.38063931362 1.56358899626
98 1176 -0.409980394911 -0.000944530422531 0.00111774621084 0.265121293192 0.445512861499 0.666934922383 0.700984326891 0.739208642912 0.765917352314 0.797440164999 0.850745232782 0.863113596576 0.890146526579 0.924420943511 0.961132895787 0.979816108049 0.999364293831 1.00745037834 1.0993112961 1.10159633279 1.20849268004 1.29347051018 1.37800097054 1.62136106149
99 1188 -0.411451745829 -0.00519009164549 0.00470864563578 0.262458557065 0.445512861499 0.666934922383 0.700984326891 0.739208642912 0.765917352314 0.797440164999 0.850745232782 0.863113596576 0.890146526579 0.924420943511 0.961132895787 0.979816108049 0.999364293831 1.00745037834 1.0993112961 1.10159633279 1.20849268004 1.29347051018 1.37800097054 1.62136106149
100 1200 -0.418728717277 -0.00393223897635 0.00390199384451 0.283002108694 0.43855497866 0.652800688181 0.695131389269 0.733126888231 0.765408863094 0.793180676987 0.846768201218 0.861507368077 0.899039700001 0.920638388272 0.966117517231 0.972563878227 0.988832194149 1.01738719543 1.07971738858 1.09497572809 1.20909830996 1.29578211166 1.39866924478 1.63604906008
101 1212 -0.434322543693 -0.000953065828117 0.00172813639864 0.286883023505 0.43855497866 0.652800688181 0.695131389269 0.733126888231 0.765408863094 0.793180676987 0.846768201218 0.861507368077 0.899039700001 0.920638388272 0.966117517231 0.972563878227 0.988832194149 1.01738719543 1.07971738858 1.09497572809 1.20909830996 1.29578211166 1.39866924478 1.63604906008
102 1224 -0.43496403413 -0.00142609169849 0.00946956052323 0.29022307238 0.425056893625 0.644924820465 0.688107671309 0.725673777032 0.777557802504 0.788024074613 0.833717813984 0.84271066533 0.881796844017 0.914002489608 0.95801771101 0.962582586588 0.981521845824 1.01991472555 1.08879777982 1.11055605445 1.19948450276 1.30026630532 1.41174759089 1.66440276016
103 1236 -0.439552088617 -0.00303368288897 0.0026082310593 0.283169474667 0.425056893625 0.644924820465 0.688107671309 0.725673777032 0.777557802504 0.788024074613 0.833717813984 0.84271066533 0.881796844017 0.914002489608 0.95801771101 0.962582586588 0.981521845824 1.01991472555 1.08879777982 1.11055605445 1.19948450276 1.30026630532 1.41174759089 1.66440276016
104 1248 -0.444333620122 -0.000400951285902 0.00275807823914 0.294155956544 0.414514374242 0.637551751042 0.68615715124 0.726559804427 0.772880482793 0.798067728092 0.836095409713 0.845427852585 0.880117734544 0.909072471704 0.955525059955 0.963404159868 0.975601734562 1.01176713174 1.09736499766 1.12917410622 1.19028791512 1.2905613457 1.39930110519 1.68453433325
105 1260 -0.446467434197 -0.00225855539435 0.00240198254137 0.307957805379 0.414514374242 0.637551751042 0.68615715124 0.726559804427 0.772880482793 0.798067728092 0.836095409713 0.845427852585 0.880117734544 0.909072471704 0.955525059955 0.963404159868 0.975601734562 1.01176713174 1.09736499766 1.12917410622 1.19028791512 1.2905613457 1.39930110519 1.68453433325
106 1272 -0.455031041051 -0.00225801425704 0.00169515645833 0.302884729245 0.40671410546 0.630397365183 0.683820730905 0.717966804088 0.769793638526 0.802766159577 0.827179455604 0.845431112683 0.874233397492 0.926187611686 0.952544909325 0.960109641175 0.983022887621 1.02222492887 1.09519923308 1.12310317633 1.17939649302 1.28482880617 1.40306630822 1.69834752898
107 1284 -0.465866469228 -0.00405761295662 0.000499782343584 0.301012174645 0.40671410546 0.630397365183 0.683820730905 0.717966804088 0.769793638526 0.802766159577 0.827179455604 0.845431112683 0.874233397492 0.926187611686 0.952544909325 0.960109641175 0.983022887621 1.02222492887 1.09519923308 1.12310317633 1.17939649302 1.28482880617 1.40306630822 1.69834752898
108 1296 -0.474437451805 -0.000363097658833 0.00133825019305 0.295585659547 0.392038036016 0.624200004455 0.686968731294 0.714615456589 0.766708216806 0.795454397409 0.812427816404 0.841846773689 0.884390964888 0.936229535324 0.957417762643 0.961164756133 0.967687639564 1.02566635172 1.10236603077 1.11877958849 1.18208540243 1.27999191762 1.41427773322 1.70129637216
109 1308 -0.483493301251 -0.00080503643428 0.00409853312777 0.297772262135 0.392038036016 0.624200004455 0.686968731294 0.714615456589 0.766708216806 0.795454397409 0.812427816404 0.841846773689 0.884390964888 0.936229535324 0.957417762643 0.961164756133 0.967687639564 1.02566635172 1.10236603077 1.11877958849 1.18208540243 1.27999191762 1.41427773322 1.70129637216
110 1320 -0.482679988609 -0.000179162884855 0.0124535729554 0.309559991241 0.385890414415 0.626866181903 0.669272872995 0.708711540268 0.765241931574 0.797234386211 0.805296096072 0.836397502259 0.877484396907 0.931923098225 0.943012616428 0.964005866839 0.977623900472 1.02329858508 1.09751734753 1.12068200473 1.18365981977 1.27313983604 1.43238313842 1.71599272105
111 1332 -0.490444903715 -0.000358856609998 0.00407748053084 0.304151743953 0.385890414415 0.626866181903 0.669272872995 0.708711540268 0.765241931574 0.797234386211 0.805296096072 0.836397502259 0.877484396907 0.931923098225 0.943012616428 0.964005866839 0.977623900472 1.02329858508 1.09751734753 1.12068200473 1.18365981977 1.27313983604 1.43238313842 1.71599272105
112 1344 -0.488201158539 -0.00131615879643 0.00505458454611 0.301708517181 0.374526498739 0.622239414705 0.66775746161 0.699769731479 0.77699918335 0.801322437337 0.807748127758 0.832906992074 0.873324484434 0.916387667702 0.936143341048 0.967336844913 0.979142604619 1.02629850938 1.10002124008 1.12234734641 1.17234435712 1.29702459163 1.42608127931 1.71996390387
113 1356 -0.482874882351 -0.00285028859675 0.00164555342671 0.310850564119 0.374526498739 0.622239414705 0.66775746161 0.699769731479 0.77699918335 0.801322437337 0.807748127758 0.832906992074 0.873324484434 0.916387667702 0.936143341048 0.967336844913 0.979142604619 1.02629850938 1.10002124008 1.12234734641 1.17234435712 1.29702459163 1.42608127931 1.71996390387
114 1368 -0.487443372594 -0.00516920981537 0.00706405700978 0.302466727879 0.365657095846 0.62158775543 0.669104805415 0.702131279925 0.773469802453 0.797434535491 0.808041052621 0.837937230553 0.87910003224 0.906680619009 0.936456155067 0.967892482876 0.97815513367 1.01169831816 1.09996217624 1.15157603083 1.17595790043 1.30455685659 1.43680102281 1.69583224564
115 1380 -0.494082921006 -0.00357736344089 0.00279035497713 0.304388273606 0.365657095846 0.62158775543 0.669104805415 0.702131279925 0.773469802453 0.797434535491 0.808041052621 0.837937230553 0.87910003224 0.906680619009 0.936456155067 0.967892482876 0.97815513367 1.01169831816 1.09996217624 1.15157603083 1.17595790043 1.30455685659 1.43680102281 1.69583224564
116 1392 -0.512734724909 -0.000739720208052 0.00206246630185 0.296255167514 0.359599363578 0.604322494561 0.662249980524 0.700475623967 0.770064052255 0.788611175142 0.814481496108 0.828272015283 0.884656721095 0.899910259037 0.942079474972 0.968329525881 0.975245215553 1.01025788261 1.10101133587 1.15265943925 1.18545785877 1.30375023027 1.44074115869 1.70320426546
117 1404 -0.513641096112 -0.00117182454431 0.00110049696956 0.298522650154 0.359599363578 0.604322494561 0.662249980524 0.700475623967 0.770064052255 0.788611175142 0.814481496108 0.828272015283 0.884656721095 0.899910259037 0.942079474972 0.968329525881 0.975245215553 1.01025788261 1.10101133587 1.15265943925 1.18545785877 1.30375023027 1.44074115869 1.70320426546
118 1416 -0.519054182282 -0.00114054129743 0.000426822344836 0.301072329667 0.357698424622 0.596848840253 0.665711765726 0.696828822035 0.757935143874 0.792515862256 0.818287562318 0.828807910857 0.869635740078 0.904150038172 0.94646017485 0.964521096359 0.990893944407 1.01686094203 1.09785712809 1.15646177798 1.18604412417 1.30526719198 1.44209254126 1.69692370135
119 1428 -0.521851439351 -0.000508927269232 0.0016048717202 0.294020284863 0.357698424622 0.596848840253 0.665711765726 0.696828822035 0.757935143874 0.792515862256 0.818287562318 0.828807910857 0.869635740078 0.904150038172 0.94646017485 0.964521096359 0.990893944407 1.01686094203 1.09785712809 1.15646177798 1.18604412417 1.30526719198 1.44209254126 1.69692370135
120 1440 -0.524197713233 -0.00300728417558 0.000331063633498 0.291322824898 0.345532633329 0.602837501174 0.664019746398 0.69071435201 0.760704621326 0.79037136028 0.80693355376 0.831406788547 0.871148242499 0.904545981225 0.954609639658 0.974871675689 0.989679457063 1.0190514849 1.09003583695 1.16648643561 1.19164638046 1.29612702643 1.43545671852 1.6992317992
121 1452 -0.522941969675 -0.00042730672558 0.000504327935138 0.302722103704 0.345532633329 0.602837501174 0.664019746398 0.69071435201 0.760704621326 0.79037136028 0.80693355376 0.831406788547 0.871148242499 0.904545981225 0.954609639658 0.974871675689 0.989679457063 1.0190514849 1.09003583695 1.16648643561 1.19164638046 1.29612702643 1.43545671852 1.6992317992
122 1464 -0.529256580708 -0.00225689890213 0.00123044712844 0.31295447951 0.341119066556 0.601037908157 0.664948855505 0.693557706399 0.759652907671 0.779713465488 0.805130614854 0.827477914008 0.881351396455 0.90716285113 0.955758386033 0.974871013112 0.983136202353 1.01944471281 1.08797281209 1.15807751188 1.20474111676 1.30861496806 1.42804385483 1.69818219857
123 1476 -0.525452330708 -0.00238997692153 0.00233271177886 0.304182949112 0.341119066556 0.601037908157 0.664948855505 0.693557706399 0.759652907671 0.779713465488 0.805130614854 0.827477914008 0.881351396455 0.90716285113 0.955758386033 0.974871013112 0.983136202353 1.01944471281 1.08797281209 1.15807751188 1.20474111676 1.30861496806 1.42804385483 1.69818219857
124 1488 -0.519700525448 -0.00247582236146 0.000698901846892 0.289047086231 0.327228675393 0.583647639076 0.671183926092 0.69335104233 0.754813889114 0.776985084652 0.811620535199 0.832364457806 0.876518588879 0.905706311713 0.954452834496 0.976755568279 0.984419442802 1.01023136395 1.10166271738 1.15569608723 1.2161143381 1.30363206073 1.43256980141 1.69494379404
125 1500 -0.528180256491 -0.00101764523809 0.00648688065217 0.277518189857 0.327228675393 0.583647639076 0.671183926092 0.69335104233 0.754813889114 0.776985084652 0.811620535199 0.832364457806 0.876518588879 0.905706311713 0.954452834496 0.976755568279 0.984419442802 1.01023136395 1.10166271738 1.15569608723 1.2161143381 1.30363206073 1.43256980141 1.69494379404
126 1512 -0.535977623436 -0.00130888916228 0.00290050065104 0.277979408548 0.31508892966 0.57848621397 0.66782161908 0.692004769737 0.753034987861 0.77408513023 0.806322113891 0.825452745617 0.871946703772 0.892107897035 0.961643891049 0.974328000143 0.987861430259 1.01863782652 1.09955737275 1.15493389073 1.23105519992 1.29914552175 1.4275904859 1.70748797375
127 1524 -0.5262864306 -0.00180922582615 0.000925094688562 0.280130487448 0.31508892966 0.57848621397 0.66782161908 0.692004769737 0.753034987861 0.77408513023 0.806322113891 0.825452745617 0.871946703772 0.892107897035 0.961643891049 0.974328000143 0.987861430259 1.01863782652 1.09955737275 1.15493389073 1.23105519992 1.29914552175 1.4275904859 1.70748797375
128 1536 -0.523282983634 -0.000490188206316 0.00346438509344 0.278067147793 0.313319371991 0.577485202206 0.661362458397 0.69642594787 0.756793403206 0.765589498547 0.800121689347 0.817104600255 0.868937302446 0.897489812443 0.955585162454 0.972338479685 0.98672470853 1.02220437574 1.09789900299 1.1466653437 1.24517809864 1.31247829999 1.43880065971 1.69650314391
129 1548 -0.524076852504 -0.000322390359311 0.00152551290194 0.277020615548 0.313319371991 0.577485202206 0.661362458397 0.69642594787 0.756793403206 0.765589498547 0.800121689347 0.817104600255 0.868937302446 0.897489812443 0.955585162454 0.972338479685 0.98672470853 1.02220437574 1.09789900299 1.1466653437 1.24517809864 1.31247829999 1.43880065971 1.69650314391
130 1560 -0.530673105199 -0.000461889255018 0.00123050825499 0.275170579506 0.306603338851 0.57462828752 0.661712331847 0.698178818061 0.745427429111 0.755454403347 0.79304056859 0.814039582946 0.85955117713 0.899108528048 0.953445183874 0.967647812443 0.990422854221 1.02114467854 1.09326934438 1.13738738469 1.24103426323 1.33281739998 1.45630819988 1.69998371611
131 1572 -0.529925993905 -3.38566830338e-05 0.00442176712806 0.2837979482 0.306603338851 0.57462828752 0.661712331847 0.698178818061 0.745427429111 0.755454403347 0.79304056859 0.814039582946 0.85955117713 0.899108528048 0.953445183874 0.967647812443 0.990422854221 1.02114467854 1.09326934438 1.13738738469 1.24103426323 1.33281739998 1.45630819988 1.69998371611
132 1584 -0.533563970797 -0.00101846544474 0.000970749695148 0.280967801018 0.299691166865 0.567090155071 0.654039827884 0.694257762301 0.737803975437 0.753047141571 0.789442970158 0.826771005763 0.858541272296 0.892077343686 0.950943376063 0.957633895939 0.988877380242 1.03634982172 1.10332388739 1.12949808598 1.23819177272 1.33285377348 1.4725711483 1.69802913615
133 1596 -0.53348861008 -0.00256179886572 0.000436832830691 0.287160625668 0.299691166865 0.567090155071 0.654039827884 0.694257762301 0.737803975437 0.753047141571 0.789442970158 0.826771005763 0.858541272296 0.892077343686 0.950943376063 0.957633895939 0.988877380242 1.03634982172 1.10332388739 1.12949808598 1.23819177272 1.33285377348 1.4725711483 1.69802913615
134 1608 -0.535056846735 -0.000656406366583 0.0012213925384 0.282448864879 0.296664580219 0.561069729154 0.638278380914 0.697608102878 0.731878371746 0.753187775579 0.793365282043 0.827026216028 0.868583112877 0.885217259165 0.942702762311 0.948006998337 1.00004198449 1.03931964079 1.09634252394 1.13093597587 1.2370543186 1.34027757401 1.47350541566 1.70359207643
135 1620 -0.555495524887 -0.00154300661766 0.000555063611764 0.301429501849 0.296664580219 0.561069729154 0.638278380914 0.697608102878 0.731878371746 0.753187775579 0.793365282043 0.827026216028 0.868583112877 0.885217259165 0.942702762311 0.948006998337 1.00004198449 1.03931964079 1.09634252394 1.13093597587 1.2370543186 1.34027757401 1.47350541566 1.70359207643
136 1632 -0.576310315169 -0.00184274064019 0.00367756187958 0.304347333451 0.284851100998 0.549744655375 0.626939500821 0.695635432968 0.721382699069 0.737012456838 0.795951081798 0.815331453598 0.86543793119 0.887669341415 0.937243193047 0.946469293058 1.00982715638 1.02162420971 1.08858023292 1.11894345602 1.22684811402 1.35131278098 1.47683792666 1.7475312093
137 1644 -0.580738110493 -0.000728426290139 0.00112247480279 0.302205372687 0.284851100998 0.549744655375 0.626939500821 0.695635432968 0.721382699069 0.737012456838 0.795951081798 0.815331453598 0.86543793119 0.887669341415 0.937243193047 0.946469293058 1.00982715638 1.02162420971 1.08858023292 1.11894345602 1.22684811402 1.35131278098 1.47683792666 1.7475312093
138 1656 -0.58637092713 -0.00106369983114 0.000218008025081 0.310598257639 0.278322820653 0.541270571495 0.618445985022 0.691432418418 0.725958102587 0.729704355087 0.788357899397 0.801566141591 0.872857348814 0.889558304143 0.938056265059 0.951334274088 1.01580684313 1.04328333732 1.07831519356 1.11931788434 1.21466514819 1.36089436829 1.48117490659 1.74644325428
139 1668 -0.589571806136 -0.000163578496009 0.000225324350424 0.308095679531 0.278322820653 0.541270571495 0.618445985022 0.691432418418 0.725958102587 0.729704355087 0.788357899397 0.801566141591 0.872857348814 0.889558304143 0.938056265059 0.951334274088 1.01580684313 1.04328333732 1.07831519356 1.11931788434 1.21466514819 1.36089436829 1.48117490659 1.74644325428
140 1680 -0.602363301938 -0.00112622746624 0.00193285660258 0.323212806487 0.270057938022 0.535949192129 0.616141939483 0.692154454371 0.714231122945 0.727754503174 0.788085300834 0.792148300926 0.868304015943 0.890731164361 0.926912604831 0.959251474319 1.00146718107 1.03948769189 1.07599584807 1.13464330365 1.21163897172 1.35158890357 1.50045852727 1.75818461718
141 1692 -0.604865910364 -0.000537720256262 0.00121598624641 0.331863969899 0.270057938022 0.535949192129 0.616141939483 0.692154454371 0.714231122945 0.727754503174 0.788085300834 0.792148300926 0.868304015943 0.890731164361 0.926912604831 0.959251474319 1.00146718107 1.03948769189 1.07599584807 1.13464330365 1.21163897172 1.35158890357 1.50045852727 1.75818461718
142 1704 -0.602146428716 -0.00129239433591 4.31392719821e-05 0.333257778095 0.265745980835 0.530874040082 0.612883925621 0.693544110389 0.714802359086 0.722817881617 0.78018863822 0.796938850395 0.87246116896 0.884008825273 0.942161885513 0.958708590447 0.999657502348 1.03117970701 1.07620495656 1.14452992821 1.2116048419 1.34590250897 1.50114917391 1.7608393437
143 1716 -0.599665393149 -0.00102905590588 0.00224803579642 0.334921792267 0.265745980835 0.530874040082 0.612883925621 0.693544110389 0.714802359086 0.722817881617 0.78018863822 0.796938850395 0.87246116896 0.884008825273 0.942161885513 0.958708590447 0.999657502348 1.03117970701 1.07620495656 1.14452992821 1.2116048419 1.34590250897 1.50114917391 1.7608393437
144 1728 -0.603329036346 -0.00576538011802 0.00163440126149 0.353322437203 0.261898278375 0.532099188325 0.6058383565 0.696197054849 0.71603548025 0.726317953435 0.763421821892 0.798502471491 0.870160924719 0.888510429946 0.941758561924 0.964417935693 0.999143885987 1.03271255133 1.07950423228 1.14273590007 1.21413210973 1.34423910253 1.51346257208 1.75060581823
145 1740 -0.608092031552 -0.00276915466247 0.00371685218226 0.355011154807 0.261898278375 0.532099188325 0.6058383565 0.696197054849 0.71603548025 0.726317953435 0.763421821892 0.798502471491 0.870160924719 0.888510429946 0.941758561924 0.964417935693 0.999143885987 1.03271255133 1.07950423228 1.14273590007 1.21413210973 1.34423910253 1.51346257208 1.75060581823
146 1752 -0.607808720968 -0.000463293345532 0.00702113305253 0.366625110327 0.258031619357 0.522900874088 0.606921445065 0.689410528457 0.714053993975 0.714995293021 0.767447556937 0.802278731858 0.862421527057 0.884205945325 0.94327913871 0.962261819234 1.00020887831 1.0410061176 1.08334068618 1.14139986453 1.22095912783 1.34282525849 1.53531498128 1.73484177246
147 1764 -0.611613465359 -0.00207132284213 0.00288043125757 0.372713428849 0.258031619357 0.522900874088 0.606921445065 0.689410528457 0.714053993975 0.714995293021 0.767447556937 0.802278731858 0.862421527057 0.884205945325 0.94327913871 0.962261819234 1.00020887831 1.0410061176 1.08334068618 1.14139986453 1.22095912783 1.34282525849 1.53531498128 1.73484177246
148 1776 -0.616972766044 -0.00639665421488 8.4553240674e-05 0.385752147024 0.24947247423 0.518784454097 0.600437947049 0.682616638465 0.702271755219 0.715439401441 0.759651866085 0.805286768184 0.866544988051 0.884175939239 0.94016327114 0.958993122093 0.997841077934 1.04090091905 1.08139042854 1.12404066608 1.22291090838 1.34759881991 1.53259351143 1.76150084541
149 1788 -0.619997166191 -0.0011442322242 0.000329467808688 0.391717857007 0.24947247423 0.518784454097 0.600437947049 0.682616638465 0.702271755219 0.715439401441 0.759651866085 0.805286768184 0.866544988051 0.884175939239 0.94016327114 0.958993122093 0.997841077934 1.04090091905 1.08139042854 1.12404066608 1.22291090838 1.34759881991 1.53259351143 1.76150084541
150 1800 -0.619064437538 -0.00151797990546 0.000768924469304 0.398133949224 0.244392530846 0.507812188494 0.594802471567 0.681544893932 0.701316452467 0.719756352241 0.766487868018 0.819776303527 0.86670158691 0.881599563822 0.937250433511 0.950581585978 0.994633708501 1.02039852014 1.0954218463 1.11330923366 1.22208074011 1.35715379108 1.52086254527 1.77931313254
151 1812 -0.631363765031 -0.00333626639341 0.00027605379785 0.403334397374 0.244392530846 0.507812188494 0.594802471567 0.681544893932 0.701316452467 0.719756352241 0.766487868018 0.819776303527 0.86670158691 0.881599563822 0.937250433511 0.950581585978 0.994633708501 1.02039852014 1.0954218463 1.11330923366 1.22208074011 1.35715379108 1.52086254527 1.77931313254
152 1824 -0.635360077919 -0.00771829810105 0.00107863068013 0.409632416558 0.23669173243 0.501668447283 0.585628772644 0.689899182271 0.699542970532 0.720733979307 0.77480995832 0.810564640739 0.846308312975 0.893443557878 0.936081288071 0.961300575319 0.997646899158 1.03117033822 1.09389406733 1.11303721198 1.22058232224 1.34477294368 1.52133114362 1.7848369084
153 1836 -0.63086145875 -0.00750697313778 0.00189995122631 0.421183638089 0.23669173243 0.501668447283 0.585628772644 0.689899182271 0.699542970532 0.720733979307 0.77480995832 0.810564640739 0.846308312975 0.893443557878 0.936081288071 0.961300575319 0.997646899158 1.03117033822 1.09389406733 1.11303721198 1.22058232224 1.34477294368 1.52133114362 1.7848369084
154 1848 -0.630703849427 -0.00248586636224 0.000335086459423 0.417299995426 0.232153356821 0.493509077852 0.581373539001 0.68594535546 0.703633496785 0.720635083671 0.781468863697 0.81147428932 0.846463065723 0.89389823977 0.927855258109 0.960884756112 0.998659042759 1.03934397543 1.10436944696 1.11141891932 1.22096558349 1.33523449657 1.53040654339 1.77833562664
155 1860 -0.630821350232 -0.00454072083718 0.000500618321555 0.42013966655 0.232153356821 0.493509077852 0.581373539001 0.68594535546 0.703633496785 0.720635083671 0.781468863697 0.81147428932 0.846463065723 0.89389823977 0.927855258109 0.960884756112 0.998659042759 1.03934397543 1.10436944696 1.11141891932 1.22096558349 1.33523449657 1.53040654339 1.77833562664
156 1872 -0.638237632415 -0.00277247192762 4.3168921191e-05 0.430085554855 0.224982543809 0.492363123744 0.578780827457 0.685758631021 0.697138688955 0.719635105885 0.787018403025 0.810723015485 0.828715269799 0.890201610578 0.928150728704 0.974112469844 0.999280737375 1.03493592245 1.09859024381 1.11971620753 1.23677918899 1.33148565272 1.53056886169 1.7765524353
157 1884 -0.634892106037 -0.00268845009095 0.00154797829707 0.430691251884 0.224982543809 0.492363123744 0.578780827457 0.685758631021 0.697138688955 0.719635105885 0.787018403025 0.810723015485 0.828715269799 0.890201610578 0.928150728704 0.974112469844 0.999280737375 1.03493592245 1.09859024381 1.11971620753 1.23677918899 1.33148565272 1.53056886169 1.7765524353
158 1896 -0.636229532841 -0.00105618007081 0.00153769549389 0.42992843847 0.22147110261 0.490307275771 0.589676123523 0.685184894904 0.691289952096 0.726790757701 0.78589940966 0.817357535828 0.820316093622 0.890159391074 0.92462162258 0.973289028009 0.985963727051 1.02080861626 1.10436515951 1.12897589498 1.24151304946 1.35327700677 1.52256573988 1.77051204346
159 1908 -0.63564538493 -0.00184937610115 0.000292571300657 0.423826796053 0.22147110261 0.490307275771 0.589676123523 0.685184894904 0.691289952096 0.726790757701 0.78589940966 0.817357535828 0.820316093622 0.890159391074 0.92462162258 0.973289028009 0.985963727051 1.02080861626 1.10436515951 1.12897589498 1.24151304946 1.35327700677 1.52256573988 1.77051204346
160 1920 -0.634985914235 -0.00229247594014 0.00220812180322 0.417071186821 0.21719547753 0.483952241912 0.595714787071 0.675905460993 0.684726575924 0.725478096627 0.793694909051 0.819335061315 0.828645165343 0.873462419465 0.927652828021 0.969162652464 0.993601055116 1.01736794284 1.10934051679 1.12872087644 1.24982481583 1.38709919352 1.51719676025 1.74531833337
161 1932 -0.630816548303 -0.00295555522601 0.000206592526334 0.418309898468 0.21719547753 0.483952241912 0.595714787071 0.675905460993 0.684726575924 0.725478096627 0.793694909051 0.819335061315 0.828645165343 0.873462419465 0.927652828021 0.969162652464 0.993601055116 1.01736794284 1.10934051679 1.12872087644 1.24982481583 1.38709919352 1.51719676025 1.74531833337
162 1944 -0.633037799461 -0.000711347214069 0.00175948884307 0.410254156986 0.213286496616 0.477315418717 0.601567390222 0.670602717595 0.685905892583 0.719782012341 0.79690932186 0.806259895862 0.831247214103 0.877588450575 0.913936255854 0.95225400697 0.998628604474 1.02621287837 1.11279774583 1.13857423506 1.25019715851 1.40502014615 1.5137123739 1.73918735113
163 1956 -0.632617889215 -0.00112004706967 0.00210786293848 0.403438566463 0.213286496616 0.477315418717 0.601567390222 0.670602717595 0.685905892583 0.719782012341 0.79690932186 0.806259895862 0.831247214103 0.877588450575 0.913936255854 0.95225400697 0.998628604474 1.02621287837 1.11279774583 1.13857423506 1.25019715851 1.40502014615 1.5137123739 1.73918735113
164 1968 -0.629838161565 -0.000486831392824 0.000912980778586 0.390627407536 0.205789490067 0.47113571918 0.606682176301 0.678342118436 0.690367938073 0.714537823304 0.789551655624 0.807101333354 0.828084075902 0.870313890459 0.930545144481 0.950487980412 0.995413908502 1.03013571351 1.10888258162 1.14842299569 1.23375799491 1.38910470703 1.52907850051 1.74430692641
165 1980 -0.636379628673 -0.000621705524362 0.000124872358149 0.375210840705 0.205789490067 0.47113571918 0.606682176301 0.678342118436 0.690367938073 0.714537823304 0.789551655624 0.807101333354 0.828084075902 0.870313890459 0.930545144481 0.950487980412 0.995413908502 1.03013571351 1.10888258162 1.14842299569 1.23375799491 1.38910470703 1.52907850051 1.74430692641
166 1992 -0.64687595694 -4.4039919683e-05 0.00393855420373 0.367462529894 0.202358765526 0.465406601404 0.602998648452 0.675913492495 0.696203168693 0.71343663354 0.778585182185 0.799828413726 0.822373027363 0.863843689314 0.928977510767 0.952807988534 0.97976186193 1.04759958723 1.12549239167 1.13840878586 1.21466783427 1.37351331717 1.5276259692 1.78137609217
167 2004 -0.650788345785 -0.00553578162682 0.00312661489194 0.365973413807 0.202358765526 0.465406601404 0.602998648452 0.675913492495 0.696203168693 0.71343663354 0.778585182185 0.799828413726 0.822373027363 0.863843689314 0.928977510767 0.952807988534 0.97976186193 1.04759958723 1.12549239167 1.13840878586 1.21466783427 1.37351331717 1.5276259692 1.78137609217
168 2016 -0.650930526364 -0.000258440577994 0.00117884063489 0.372607995484 0.194153802438 0.459723557686 0.601389439457 0.6787063565 0.689644867993 0.706942501086 0.764240373896 0.789242363331 0.816901108588 0.852173357096 0.933863278154 0.9492668906 0.976330003022 1.06559908821 1.1242428672 1.14134573789 1.2108023342 1.36302821694 1.55287026734 1.7857657129
169 2028 -0.660013850465 -0.000597984551699 4.0691872886e-05 0.369601478651 0.194153802438 0.459723557686 0.601389439457 0.6787063565 0.689644867993 0.706942501086 0.764240373896 0.789242363331 0.816901108588 0.852173357096 0.933863278154 0.9492668906 0.976330003022 1.06559908821 1.1242428672 1.14134573789 1.2108023342 1.36302821694 1.55287026734 1.7857657129
170 2040 -0.662834520959 -0.00243263279034 0.000391142127415 0.369610054045 0.192660210969 0.4543665644 0.601775045875 0.676472834384 0.693758776631 0.705415488083 0.755270006416 0.788221842942 0.810792966461 0.853922992262 0.931265468179 0.935297258977 0.968319873028 1.08677560151 1.11608595555 1.14192545136 1.20274486523 1.364628355 1.55432963317 1.80120156163
171 2052 -0.66350749398 -0.000664487965085 0.000776183256639 0.366352427921 0.192660210969 0.4543665644 0.601775045875 0.676472834384 0.693758776631 0.705415488083 0.755270006416 0.788221842942 0.810792966461 0.853922992262 0.931265468179 0.935297258977 0.968319873028 1.08677560151 1.11608595555 1.14192545136 1.20274486523 1.364628355 1.55432963317 1.80120156163
172 2064 -0.663546093982 -0.00140695402016 0.00209017355771 0.366010963733 0.192106301684 0.44760165391 0.596841139157 0.666764142248 0.683816599194 0.714112890169 0.759130387216 0.785741247855 0.806563760906 0.856003277415 0.924069372828 0.938642040771 0.97990545584 1.09041195872 1.10536776181 1.14891370061 1.23068233051 1.3727093194 1.54730796167 1.78559749781
173 2076 -0.66182115281 -0.00455254178325 0.000912661586189 0.361186434639 0.192106301684 0.44760165391 0.596841139157 0.666764142248 0.683816599194 0.714112890169 0.759130387216 0.785741247855 0.806563760906 0.856003277415 0.924069372828 0.938642040771 0.97990545584 1.09041195872 1.10536776181 1.14891370061 1.23068233051 1.3727093194 1.54730796167 1.78559749781
174 2088 -0.665690269904 -0.00157148835722 0.000420046735515 0.366033213856 0.189661046151 0.448210315717 0.598423846116 0.665905287818 0.685669256198 0.72804936369 0.764348547971 0.789270728908 0.799905277177 0.859384153705 0.926954996559 0.945045264362 0.977549843313 1.08550333965 1.10597097894 1.16264323607 1.24448230755 1.3654382204 1.54064199647 1.76858886062
175 2100 -0.665465437489 -0.00320536801357 0.00206859272041 0.368128144851 0.189661046151 0.448210315717 0.598423846116 0.665905287818 0.685669256198 0.72804936369 0.764348547971 0.789270728908 0.799905277177 0.859384153705 0.926954996559 0.945045264362 0.977549843313 1.08550333965 1.10597097894 1.16264323607 1.24448230755 1.3654382204 1.54064199647 1.76858886062
176 2112 -0.665443929414 -0.000550449801451 0.00290009569998 0.36597448919 0.186005320772 0.445676731475 0.603912500671 0.667848922535 0.678436841999 0.726559365698 0.765120493276 0.789798782899 0.79759640886 0.867663893722 0.922703587431 0.932773119248 0.988457602515 1.08535617538 1.11833847725 1.16633531297 1.25371669262 1.36008954305 1.54332162976 1.75461697581
177 2124 -0.665258992174 -0.000517098724767 0.000664936152748 0.370918713811 0.186005320772 0.445676731475 0.603912500671 0.667848922535 0.678436841999 0.726559365698 0.765120493276 0.789798782899 0.79759640886 0.867663893722 0.922703587431 0.932773119248 0.988457602515 1.08535617538 1.11833847725 1.16633531297 1.25371669262 1.36008954305 1.54332162976 1.75461697581
178 2136 -0.667022076303 -0.00266030867941 0.00146949229963 0.369916894359 0.18464643321 0.442802154882 0.589176460201 0.667650813783 0.676990795616 0.714553748695 0.761032320391 0.786474482352 0.799307104057 0.865238028828 0.915965654385 0.93628434734 1.00442221163 1.0894266565 1.11901869774 1.15365803923 1.26575144697 1.36346760643 1.53031481022 1.76785213986
179 2148 -0.674491447954 -0.0030099987852 0.000126168162977 0.378851595742 0.18464643321 0.442802154882 0.589176460201 0.667650813783 0.676990795616 0.714553748695 0.761032320391 0.786474482352 0.799307104057 0.865238028828 0.915965654385 0.93628434734 1.00442221163 1.0894266565 1.11901869774 1.15365803923 1.26575144697 1.36346760643 1.53031481022 1.76785213986
180 2160 -0.674028169051 -0.0020094233109 0.000805376363567 0.375657419976 0.177646581021 0.436929248995 0.596036140768 0.659276211029 0.676807045589 0.723214144238 0.765943813782 0.783102633115 0.805647592272 0.860156357217 0.914426772969 0.936225199814 1.01185278711 1.08401269495 1.12152702733 1.15954655873 1.25357393066 1.3481330141 1.55160586176 1.76274830338
181 2172 -0.673058449454 -0.000363704445774 0.000633054059344 0.370215382365 0.177646581021 0.436929248995 0.596036140768 0.659276211029 0.676807045589 0.723214144238 0.765943813782 0.783102633115 0.805647592272 0.860156357217 0.914426772969 0.936225199814 1.01185278711 1.08401269495 1.12152702733 1.15954655873 1.25357393066 1.3481330141 1.55160586176 1.76274830338
182 2184 -0.677960208908 -0.00545912888984 0.000457591242929 0.387304420499 0.174361203786 0.422306828355 0.597351727316 0.653159776946 0.674647750791 0.722897845787 0.760375072233 0.774420820273 0.81536791054 0.862113229306 0.923440076391 0.942964988122 1.00404312849 1.07801632293 1.11326118634 1.15806881038 1.25448049757 1.35610031947 1.55644601464 1.76528801408
183 2196 -0.685221619414 -0.00081833986014 0.00216625604231 0.390040392959 0.174361203786 0.422306828355 0.597351727316 0.653159776946 0.674647750791 0.722897845787 0.760375072233 0.774420820273 0.81536791054 0.862113229306 0.923440076391 0.942964988122 1.00404312849 1.07801632293 1.11326118634 1.15806881038 1.25448049757 1.35610031947 1.55644601464 1.76528801408
184 2208 -0.68748517093 -0.000804821087454 0.000660704477182 0.399631052651 0.172833876801 0.413876209001 0.593909490691 0.654794064255 0.675781733545 0.722595010088 0.752340230415 0.758046592864 0.82502415272 0.875389710743 0.933449770078 0.964378952146 1.01368138453 1.08782104795 1.1088124944 1.13103454877 1.24410140143 1.3514647843 1.55549551864 1.77091175447
185 2220 -0.6896042211 -0.00154128670383 0.00144310026976 0.405903527646 0.172833876801 0.413876209001 0.593909490691 0.654794064255 0.675781733545 0.722595010088 0.752340230415 0.758046592864 0.82502415272 0.875389710743 0.933449770078 0.964378952146 1.01368138453 1.08782104795 1.1088124944 1.13103454877 1.24410140143 1.3514647843 1.55549551864 1.77091175447
186 2232 -0.683400046085 -0.0010708414227 0.000801753991419 0.406052209563 0.168595699821 0.407409288063 0.589790486143 0.657188026999 0.674202435322 0.713332778422 0.752264412525 0.758455524839 0.826824751505 0.897358841055 0.929701334368 0.990698657365 1.01424396535 1.10120975631 1.11534725654 1.12561540778 1.24692739045 1.34478721484 1.55250427131 1.74947457687
187 2244 -0.681795768612 -0.00281493574804 0.000256417196971 0.406665863089 0.168595699821 0.407409288063 0.589790486143 0.657188026999 0.674202435322 0.713332778422 0.752264412525 0.758455524839 0.826824751505 0.897358841055 0.929701334368 0.990698657365 1.01424396535 1.10120975631 1.11534725654 1.12561540778 1.24692739045 1.34478721484 1.55250427131 1.74947457687
188 2256 -0.677272454311 -0.000654788701119 0.00325677677956 0.415646104278 0.165468209174 0.402562285252 0.58427838692 0.655498884543 0.67454177189 0.714925051384 0.749152368917 0.756005378493 0.843444093923 0.886408945829 0.929247485596 1.00591046408 1.034826694 1.09462241289 1.11047702748 1.13749791768 1.24965565634 1.36249308318 1.55419284791 1.71419461775
189 2268 -0.687160383793 -0.00500871899968 0.00218004485645 0.427080894479 0.165468209174 0.402562285252 0.58427838692 0.655498884543 0.67454177189 0.714925051384 0.749152368917 0.756005378493 0.843444093923 0.886408945829 0.929247485596 1.00591046408 1.034826694 1.09462241289 1.11047702748 1.13749791768 1.24965565634 1.36249308318 1.55419284791 1.71419461775
190 2280 -0.68853610692 -0.00124509321214 0.00175853693199 0.435957589725 0.159553884327 0.391127091642 0.572434178325 0.63720836538 0.660953600481 0.700978335749 0.744130267927 0.760786121118 0.84815820395 0.873047207931 0.932789958464 1.00325753639 1.04549752588 1.09251758729 1.13141494123 1.14009045428 1.25661187666 1.36009074908 1.55841699873 1.71602301212
191 2292 -0.686614427955 -0.000116722226864 0.000149374457469 0.445410074223 0.159553884327 0.391127091642 0.572434178325 0.63720836538 0.660953600481 0.700978335749 0.744130267927 0.760786121118 0.84815820395 0.873047207931 0.932789958464 1.00325753639 1.04549752588 1.09251758729 1.13141494123 1.14009045428 1.25661187666 1.36009074908 1.55841699873 1.71602301212
192 2304 -0.684675916393 -0.00140619919623 0.000756008337779 0.446198526179 0.155877873032 0.393054416437 0.566719711924 0.638928735089 0.649432989791 0.696475821234 0.756126662088 0.769427882448 0.84921712882 0.874364600245 0.932649362964 1.00464222415 1.05105475439 1.10075230833 1.11773753782 1.17029361509 1.23634346103 1.3580606333 1.55078921217 1.71559886164
193 2316 -0.685822524508 -0.00182762722657 0.00240868141315 0.450340663054 0.155877873032 0.393054416437 0.566719711924 0.638928735089 0.649432989791 0.696475821234 0.756126662088 0.769427882448 0.84921712882 0.874364600245 0.932649362964 1.00464222415 1.05105475439 1.10075230833 1.11773753782 1.17029361509 1.23634346103 1.3580606333 1.55078921217 1.71559886164
194 2328 -0.684900512406 -0.00362280033851 0.000556477418472 0.443980679758 0.153020728499 0.390061069867 0.565189011766 0.638179367585 0.648854641369 0.697558546694 0.757469671807 0.769926624682 0.850152247176 0.880166419224 0.928841632321 1.00437811212 1.04439980183 1.09033236725 1.11263155122 1.18714129763 1.2424421987 1.35737478937 1.55774574237 1.70735297821
195 2340 -0.685698956526 -0.00147689258252 0.00323079443553 0.444348928164 0.153020728499 0.390061069867 0.565189011766 0.638179367585 0.648854641369 0.697558546694 0.757469671807 0.769926624682 0.850152247176 0.880166419224 0.928841632321 1.00437811212 1.04439980183 1.09033236725 1.11263155122 1.18714129763 1.2424421987 1.35737478937 1.55774574237 1.70735297821
196 2352 -0.690210262621 -0.000341551784764 0.00244053414025 0.444782406765 0.148300755663 0.380679070338 0.558267743155 0.631650474798 0.647607729396 0.693114328642 0.748660269785 0.763756005108 0.853748682134 0.872817607045 0.936434789326 1.0067041568 1.05314731872 1.08266132367 1.11447598734 1.18081649277 1.2566416317 1.36665555017 1.55684372701 1.705710582
197 2364 -0.696575955425 -0.00318487747247 0.00219124535862 0.45461962584 0.148300755663 0.380679070338 0.558267743155 0.631650474798 0.647607729396 0.693114328642 0.748660269785 0.763756005108 0.853748682134 0.872817607045 0.936434789326 1.0067041568 1.05314731872 1.08266132367 1.11447598734 1.18081649277 1.2566416317 1.36665555017 1.55684372701 1.705710582
198 2376 -0.703675865361 -0.000107423520031 0.000504015222097 0.462674341898 0.144831012716 0.37560071248 0.551315537539 0.621991754042 0.637325006514 0.689079754212 0.742255930583 0.77281231055 0.847673001247 0.86967493184 0.931707906826 1.00664240217 1.0475005733 1.08848788933 1.10367039572 1.17764796351 1.25303833223 1.3766489043 1.55017248378 1.73387651165
199 2388 -0.705317117026 -0.00055758302356 0.00308470466386 0.465380664614 0.144831012716 0.37560071248 0.551315537539 0.621991754042 0.637325006514 0.689079754212 0.742255930583 0.77281231055 0.847673001247 0.86967493184 0.931707906826 1.00664240217 1.0475005733 1.08848788933 1.10367039572 1.17764796351 1.25303833223 1.3766489043 1.55017248378 1.73387651165
200 2400 -0.705944289581 -0.000996755746373 0.00107879263589 0.465574882047 0.143298161079 0.3674034807 0.549354883908 0.624482481856 0.641560704344 0.692449762271 0.737224999088 0.775112585956 0.84406008334 0.867512838075 0.93684891705 0.991375556857 1.04836851047 1.09138300841 1.10166376329 1.18337462124 1.24753022585 1.36200474038 1.55041948738 1.75281935262
