%  columns="iteration, evaluation, sigma, max axis length,  min axis length, all principle axes lengths  (sorted square roots of eigenvalues of C)", seed=1068068, Thu Aug 17 17:07:08 2017
0 0 0.1 1.00004750113 1.0 1.0 1.0000025 1.00000500001 1.00000750003 1.00001000005 1.00001250008 1.00001500011 1.00001750015 1.0000200002 1.00002250025 1.00002500031 1.00002750038 1.00003000045 1.00003250053 1.00003500061 1.0000375007 1.0000400008 1.0000425009 1.00004500101 1.00004750113
1 12 0.0938610035799 1.00004750113 1.0 1.0 1.0000025 1.00000500001 1.00000750003 1.00001000005 1.00001250008 1.00001500011 1.00001750015 1.0000200002 1.00002250025 1.00002500031 1.00002750038 1.00003000045 1.00003250053 1.00003500061 1.0000375007 1.0000400008 1.0000425009 1.00004500101 1.00004750113
2 24 0.0955092888313 1.04729362996 0.96173552945 0.96173552945 0.969885652131 0.978013059578 0.98340646142 0.990100863991 0.996924188466 0.999742927211 0.999749178877 0.999755681913 0.999757870698 0.999759549931 0.999761327787 0.999766096085 0.999777376504 1.00026218586 1.00268581299 1.01186921802 1.01355495442 1.02073042614 1.04729362996
3 36 0.0998111955667 1.09950390286 0.942213760989 0.942213760989 0.946237207427 0.965678913849 0.971672877882 0.982800318919 0.987868592065 0.992558575227 0.996479030406 0.998050990469 0.998931062976 0.999262192049 0.999894151604 1.00102673061 1.00362531988 1.00631956186 1.01106828101 1.0114556859 1.02246923779 1.04550291441 1.09950390286
4 48 0.109424930959 1.14326723011 0.924436747625 0.924436747625 0.94146214193 0.959551263194 0.96513043359 0.970398328365 0.983013511144 0.985418061384 0.991360528065 0.994192127891 0.99731618429 0.999649401226 1.00062873632 1.00207367836 1.00475594646 1.01052943063 1.01239947037 1.01830034358 1.02787009815 1.04517831725 1.14326723011
5 60 0.125479254138 1.19271901164 0.91407279505 0.91407279505 0.935471600778 0.942519082281 0.956530443882 0.96634006148 0.975613647166 0.980907687627 0.988791122224 0.993268193087 0.99495374286 0.997157101936 1.00307579965 1.00574484299 1.00829678446 1.01237784759 1.02412457059 1.02507744614 1.03687612189 1.04738670563 1.19271901164
6 72 0.140773823667 1.22542296661 0.911600925197 0.911600925197 0.93165881147 0.944472775019 0.950100356646 0.963652891214 0.972533728172 0.975074354814 0.978303025939 0.986659452334 0.989761700575 0.998383033779 1.00453106256 1.00681798755 1.01181678416 1.02151182406 1.02362982337 1.03166929789 1.0485224574 1.06339276975 1.22542296661
7 84 0.15838886135 1.2411737569 0.908003199154 0.908003199154 0.918292165932 0.935990736979 0.945529677543 0.954819685066 0.967601735305 0.972538897315 0.977515935353 0.983129039257 0.991165088789 0.995436704193 1.00034598838 1.00858126755 1.01188094895 1.02125528256 1.02605372871 1.03511580449 1.04655780113 1.06490248154 1.2411737569
8 96 0.175167794069 1.24713909301 0.904068870195 0.904068870195 0.912917875053 0.934411321186 0.944013721738 0.95679223897 0.962291869188 0.967362354151 0.976174683852 0.981986726517 0.986204313506 0.994053675818 0.999359314356 1.00658498698 1.00875707408 1.0198520079 1.03427874655 1.03505869545 1.04560403074 1.06823954747 1.24713909301
9 108 0.19602617059 1.24950391096 0.89231685086 0.89231685086 0.913921496578 0.921820661066 0.94093774229 0.952642909401 0.95819593016 0.967139616337 0.972536007388 0.979769800269 0.98288286247 0.991623244187 0.994954478497 1.00421510895 1.01496367807 1.02735507393 1.03566926828 1.04080428449 1.05191364522 1.06972859735 1.24950391096
10 120 0.220470003444 1.2574874429 0.887479907678 0.887479907678 0.90607584561 0.924500173142 0.931007193133 0.949444140386 0.962162740873 0.967166121801 0.972390411454 0.975600764519 0.981437203403 0.990026803502 0.999311172187 1.00618547442 1.01323611983 1.02308491354 1.03101822331 1.0384853179 1.06325755006 1.06586466124 1.2574874429
11 132 0.25197707715 1.24918090398 0.87093554625 0.87093554625 0.897643032863 0.910079672825 0.92998333819 0.946784336548 0.95804210361 0.968669672031 0.968988311358 0.971205188344 0.985137604487 0.989614811683 1.00112895048 1.00737816454 1.01046823328 1.03033582185 1.03112391602 1.03936550336 1.06259359649 1.0688299753 1.24918090398
12 144 0.28793489313 1.26711626444 0.871160680087 0.871160680087 0.896651378612 0.9052256449 0.92805818131 0.940095574464 0.95569854328 0.963802051965 0.966013841816 0.969430440203 0.975003032673 0.987680185987 0.999427831907 1.00171271175 1.01024267219 1.02367589514 1.03272956419 1.0431611129 1.06124770438 1.06887255505 1.26711626444
13 156 0.331613867026 1.27452295831 0.868333395441 0.868333395441 0.895326801141 0.901192920644 0.928519818617 0.938538343683 0.946411653519 0.952781092023 0.961280836574 0.968210721971 0.974375088748 0.98222191206 0.99291034363 0.997243244901 1.00265008461 1.01634951622 1.03072363423 1.03649076672 1.05901201279 1.07221452229 1.27452295831
14 168 0.367522903627 1.27784655764 0.860519338486 0.860519338486 0.878662822861 0.904285699117 0.924845516396 0.940804637695 0.944532186118 0.948086098692 0.955735420161 0.968963791415 0.975402762117 0.981736235149 0.989892838032 1.00081342151 1.0061817888 1.01716629832 1.03148252528 1.04359910694 1.0536716068 1.0758448144 1.27784655764
15 180 0.407603293634 1.28019034243 0.857935776219 0.857935776219 0.87160710026 0.913955475802 0.916089884421 0.931938810083 0.939466280556 0.94611944718 0.950926848314 0.958144432911 0.97307517688 0.979197448161 0.991545310866 1.00683167557 1.01057688607 1.02022538666 1.03555749628 1.04584141709 1.05047951443 1.07702609279 1.28019034243
16 192 0.45729788378 1.27043312648 0.84452878872 0.84452878872 0.863582811236 0.912841397488 0.917410392799 0.924767330784 0.931993472283 0.948602408495 0.953186773005 0.958703586613 0.963600102879 0.983025416869 0.993086493632 1.01158255806 1.01575328596 1.0234205079 1.03361192476 1.04203948916 1.04744261228 1.07179138028 1.27043312648
17 204 0.525598032982 1.28115184682 0.836175556433 0.836175556433 0.855600572981 0.912227731923 0.915056416044 0.925389061569 0.933275486915 0.939413591172 0.952388764561 0.956502786251 0.963574222373 0.981676335296 0.989642267825 1.00975343413 1.0128251313 1.01642896618 1.03067108778 1.04285275366 1.0663677785 1.06760848548 1.28115184682
18 216 0.58083847122 1.29380659567 0.835652414733 0.835652414733 0.850877563133 0.909906698481 0.91478785838 0.919255497347 0.924374682075 0.928287016982 0.951056269494 0.954837436336 0.967552675624 0.97579762308 0.987062644513 1.00828122771 1.01299804354 1.01604294414 1.02602140627 1.04426213368 1.05962563906 1.07735988353 1.29380659567
19 228 0.640804048317 1.28906460004 0.832376003639 0.832376003639 0.855596106662 0.894925956987 0.908235767018 0.915102900165 0.920909301793 0.923680621454 0.951166497099 0.953389826385 0.967823999308 0.981437560109 0.99086548774 1.00596413673 1.01545798395 1.02084036223 1.02378582972 1.0406340218 1.06194070895 1.06785731827 1.28906460004
20 240 0.711377711645 1.27876484476 0.83019056415 0.83019056415 0.854909300259 0.889468930198 0.90732648505 0.914632267074 0.9221557867 0.925047762153 0.943929462569 0.952458404404 0.962060137584 0.97531127397 0.99249415531 1.00615890992 1.01671302077 1.02091658725 1.02557229792 1.04040351524 1.04660969716 1.0610204524 1.27876484476
21 252 0.796832559618 1.27781025641 0.827991297297 0.827991297297 0.848071750968 0.878823369515 0.906597399883 0.912624941757 0.922050257981 0.928012179947 0.941560626624 0.948859975603 0.964220499384 0.976464625399 0.988907980826 0.997846587095 1.00824974371 1.02116155147 1.02593523411 1.04084540092 1.04577226278 1.06082444717 1.27781025641
22 264 0.933880219814 1.2849813618 0.827708200573 0.827708200573 0.832530860248 0.869703062533 0.902652702839 0.909786141462 0.9198990201 0.926518658542 0.944448469211 0.951225273377 0.970769202456 0.972009660502 0.977056443905 0.99513003002 1.00335167176 1.0231070792 1.02815863747 1.03887195187 1.04575998746 1.06172814328 1.2849813618
23 276 1.08331848479 1.29298792958 0.819072149604 0.819072149604 0.831404577509 0.866868205371 0.902260577344 0.90837040063 0.918129808657 0.923747820594 0.936408887716 0.948676953302 0.964849472192 0.970582540845 0.971513522081 0.992920678589 1.00798319059 1.02173636825 1.02423107919 1.03982982018 1.04830714407 1.07213868981 1.29298792958
24 288 1.26128895195 1.27692312219 0.81932147472 0.81932147472 0.827210373255 0.864789632563 0.891667448981 0.90547338732 0.918896018508 0.928011582634 0.93839201897 0.944874224092 0.96017785811 0.971607682058 0.973323600628 0.98264518543 1.00761026515 1.01291961 1.02780950779 1.04569325766 1.05431149736 1.07040185369 1.27692312219
25 300 1.47185997896 1.2733804411 0.818475417943 0.818475417943 0.827297907643 0.865422215819 0.889499585414 0.901378885873 0.912924834606 0.924425501482 0.93201662769 0.944265522761 0.953547634838 0.969838941919 0.973283426767 0.983749904687 1.00710677858 1.01713138605 1.03262998824 1.04950697947 1.05466713724 1.06574727403 1.2733804411
26 312 1.67384850504 1.27825126579 0.809712768707 0.809712768707 0.828332949117 0.862403165211 0.884059105812 0.895282047161 0.905661844018 0.920458502785 0.932419861007 0.938456243094 0.961333742462 0.969065931518 0.971677083742 0.984791619793 1.00431557366 1.02372576073 1.0289682621 1.04721736936 1.05785954553 1.07409580425 1.27825126579
27 324 1.88221332091 1.27238341705 0.810254566566 0.810254566566 0.828948317532 0.856633156057 0.883168985017 0.892267282474 0.903371861658 0.919912714047 0.92648821783 0.939045257144 0.959288826604 0.962687072778 0.972218624035 0.989230750827 1.00413223724 1.02022215597 1.02969463528 1.04449458955 1.0525479809 1.08087001256 1.27238341705
28 336 2.05268336596 1.27422969498 0.808949920058 0.808949920058 0.82601953026 0.849687672519 0.881269277363 0.890889340136 0.90021560246 0.916203214728 0.925416392668 0.933160514902 0.954407025704 0.964220284215 0.976902937456 0.991719132608 1.00344303096 1.01666635101 1.02548332905 1.03587209647 1.05595684379 1.08027112557 1.27422969498
29 348 2.20859090987 1.26851238349 0.808701596718 0.808701596718 0.82997071907 0.843032493137 0.874465921791 0.881952842351 0.893991686275 0.910201165739 0.917146051568 0.931849797996 0.949115938058 0.966792269105 0.974938863259 0.988423130926 1.00081920821 1.01877440923 1.02580402765 1.04304138578 1.05786351835 1.07740555809 1.26851238349
30 360 2.37197366265 1.26531141355 0.803755251204 0.803755251204 0.828614551549 0.834332318795 0.866276330772 0.877313162035 0.886181065616 0.907788290793 0.921352387465 0.929920086329 0.950766965288 0.969363178965 0.980575289948 0.98839692717 1.00142615354 1.01585245151 1.02543468044 1.03954414606 1.06292151487 1.07116949889 1.26531141355
31 372 2.66915332695 1.26143953458 0.797228743926 0.797228743926 0.819371639142 0.83113815048 0.864324665935 0.873125724091 0.887772321609 0.91442890465 0.926601204917 0.934054388799 0.948270534515 0.970254235416 0.980958630053 0.990774709278 1.00116111861 1.0100547688 1.02730262584 1.03696354343 1.06810356926 1.07411568145 1.26143953458
32 384 2.82060006561 1.25537461746 0.796462601764 0.796462601764 0.819120974558 0.834351458194 0.863786740671 0.876728694826 0.882044410949 0.91639662553 0.924666405049 0.932314104674 0.948276021631 0.965328521197 0.980354554685 0.990576440668 1.00319540874 1.02223785633 1.03084196177 1.03473843406 1.07455359831 1.10114507271 1.25537461746
33 396 2.99802944189 1.25904993358 0.786347006782 0.786347006782 0.81603827606 0.82857557113 0.865765770681 0.872296194655 0.881325241291 0.914622450389 0.921772323538 0.931750109695 0.944573854434 0.967345205609 0.973148412028 0.988942703088 1.00254520305 1.01713828814 1.02502076229 1.04538140941 1.07134955785 1.10081618422 1.25904993358
34 408 3.22513789373 1.26262259843 0.787608063554 0.787608063554 0.810720945416 0.827056100181 0.865883587625 0.866989206496 0.878420947715 0.903909369292 0.918383794815 0.928784591804 0.943914717602 0.962888611679 0.97733177665 0.984251118837 1.00272557336 1.01772356339 1.03786973137 1.05311922085 1.06961656634 1.11628934676 1.26262259843
35 420 3.37320084555 1.24255198343 0.78496458249 0.78496458249 0.80707150727 0.833680700072 0.85795018958 0.86659910419 0.881573882217 0.902465470893 0.914204012382 0.922565652633 0.94409701491 0.96223009861 0.968723237536 0.983676944738 1.00679526747 1.02077820327 1.03786316317 1.05456611802 1.09294213908 1.13273551437 1.24255198343
36 432 3.53131908326 1.23873410742 0.784641249824 0.784641249824 0.791741431736 0.834147115948 0.862130931409 0.865402779974 0.882891543152 0.897283988893 0.911653810035 0.925011904704 0.940984146912 0.960187791602 0.962311996977 0.982033227882 1.00634535585 1.021911236 1.04134940473 1.04343613482 1.09794507584 1.14773959601 1.23873410742
37 444 3.75059519648 1.22988510772 0.780327228467 0.780327228467 0.789771165529 0.839857597676 0.856600490578 0.860983271278 0.877886360174 0.889171571907 0.914638722665 0.921546916764 0.94628614806 0.954173521514 0.961259416012 0.986902222427 0.994197611897 1.02073268732 1.03717355652 1.03941768875 1.0922459372 1.17420982516 1.22988510772
38 456 3.8367966054 1.23017600179 0.777938464444 0.777938464444 0.783567199309 0.833994188524 0.848432366301 0.859317697119 0.8779490999 0.888408676562 0.9100995115 0.917327634867 0.943081047515 0.959878498643 0.961270924294 0.976971462412 0.985885504972 1.02523843446 1.03362014367 1.04293221123 1.10550305642 1.21925494864 1.23017600179
39 468 4.05214619681 1.26770926352 0.768089056873 0.768089056873 0.78473904496 0.829982768471 0.840976631012 0.85843196942 0.879402158457 0.884349710113 0.906283827402 0.913456997486 0.937685475781 0.946902332907 0.965737609365 0.974258862626 0.983735514796 1.02113770974 1.03398275518 1.04310809486 1.11424986472 1.23271007255 1.26770926352
40 480 4.20281262746 1.30966916371 0.762916271179 0.762916271179 0.785347643859 0.830580389813 0.839451595861 0.854474931621 0.873135883771 0.879914100803 0.904161432286 0.911888724154 0.937457335693 0.945865770384 0.954249941999 0.964817782042 0.986928988035 1.01633437719 1.03473008033 1.0448484678 1.11124517391 1.23393648085 1.30966916371
41 492 4.4093942692 1.33868864518 0.758878558381 0.758878558381 0.784576954741 0.82667013904 0.828932990146 0.860720129287 0.869788517149 0.881503517075 0.910732297749 0.918233076327 0.931806816447 0.942393981469 0.952730227989 0.960026081746 0.993939125568 1.01400683377 1.03358911227 1.04670509315 1.09819340556 1.22767463258 1.33868864518
42 504 4.64495384049 1.37755096528 0.751714354742 0.751714354742 0.776430427292 0.820602626591 0.825599406974 0.856833999103 0.871307359325 0.888737776468 0.909267368583 0.916515382138 0.930360524828 0.93966959306 0.950410202352 0.968746286437 0.993562339317 1.02707585727 1.02887428445 1.043427854 1.10676431356 1.22830741303 1.37755096528
43 516 4.95400956334 1.41085736241 0.74512767243 0.74512767243 0.778535756514 0.814206299526 0.821013017722 0.857165220929 0.869652448248 0.886254151043 0.90448996817 0.915658583682 0.933513821311 0.937432989104 0.951012243309 0.9633302653 0.999683198891 1.02374814028 1.03197815839 1.06175419869 1.10130746812 1.22216372102 1.41085736241
44 528 4.97874980103 1.45405132247 0.741127181024 0.741127181024 0.765929768089 0.81337830101 0.819240399553 0.85732858368 0.866069693954 0.888385802694 0.90377283569 0.917518907986 0.93237379624 0.944909667062 0.949376817701 0.962308135315 0.996231400455 1.03128923951 1.04541058242 1.07088871045 1.1042308008 1.20916232266 1.45405132247
45 540 5.05268359262 1.47641262443 0.724923097088 0.724923097088 0.761677922974 0.806567150487 0.821969267613 0.856407522918 0.864885028221 0.887101979777 0.895700433783 0.915191996933 0.938187822995 0.941889625995 0.956289694125 0.967633548835 0.994224435012 1.03208557434 1.05145376285 1.07548530053 1.1209356416 1.20443312498 1.47641262443
46 552 5.12966333837 1.49576895255 0.716590976267 0.716590976267 0.751873548263 0.803511159852 0.820576666668 0.856496692429 0.863028547132 0.883436478563 0.890742071032 0.906219251598 0.936190820636 0.941231712088 0.957695494879 0.970832417339 0.993210412171 1.01714517365 1.0509553212 1.08116249789 1.14778647361 1.20639442371 1.49576895255
47 564 5.2433892398 1.51003250858 0.71585773142 0.71585773142 0.741360163217 0.7998773802 0.814730491288 0.856378806702 0.860046888953 0.880225576082 0.892730598702 0.903891626926 0.93498113775 0.94546258268 0.958002905084 0.969565235113 0.990985083059 1.0136580006 1.05574298239 1.08069206369 1.16069058888 1.21420773632 1.51003250858
48 576 5.48975769258 1.51162117729 0.714733617363 0.714733617363 0.737685250638 0.796495039027 0.813076240037 0.851095346887 0.863604489244 0.885064045153 0.891868548023 0.905978628839 0.933734764916 0.943510536105 0.960695004463 0.963513590672 0.994042583835 1.01485749052 1.05077804958 1.08035884259 1.17095180266 1.22026928971 1.51162117729
49 588 5.66906334635 1.50952554712 0.707967953561 0.707967953561 0.748336553526 0.801251534702 0.809312292808 0.849998025514 0.870028938888 0.883241710689 0.893371180898 0.899850784046 0.929438183223 0.934136856968 0.956756046563 0.972882850308 0.999226949854 1.00939044056 1.05229592303 1.07562416395 1.17290931673 1.25179296659 1.50952554712
50 600 5.75756119143 1.51788196262 0.702194485247 0.702194485247 0.748548227867 0.798846565695 0.810281460961 0.853231567995 0.858872467241 0.877280953472 0.891109042139 0.897385047768 0.931499322846 0.939890498552 0.958208813425 0.971018257327 0.998475381805 1.01354245106 1.0559146146 1.07140511461 1.16613684412 1.27386263687 1.51788196262
51 612 5.71228851145 1.51172729594 0.695338826456 0.695338826456 0.742575805917 0.800210084711 0.804317406087 0.845645557669 0.859003596431 0.871299444002 0.891749982162 0.895753392286 0.93647822753 0.939620063464 0.957854177367 0.973549106413 1.0009741154 1.01723400622 1.05515618361 1.07098425885 1.18387476736 1.28916297216 1.51172729594
52 624 5.71979004616 1.51965132407 0.690201764724 0.690201764724 0.737901475547 0.799926028446 0.804528082365 0.847929301241 0.859505329075 0.868430867806 0.888313913554 0.896581458438 0.926333898083 0.948220560798 0.966229752523 0.971667039068 0.996988377429 1.01983272417 1.05584922998 1.06287615113 1.18026241704 1.28541786238 1.51965132407
53 636 5.81222242197 1.49930577136 0.678249466213 0.678249466213 0.733653374632 0.800642504486 0.803957666793 0.84469116265 0.857053569976 0.869514931533 0.886688659999 0.896004235136 0.934302313511 0.941801592534 0.962058336429 0.974757829721 0.996684994564 1.02567891633 1.0565752702 1.06573612133 1.17972421301 1.28682892856 1.49930577136
54 648 5.78777685054 1.49804579932 0.681887405542 0.681887405542 0.73219225413 0.79623424463 0.804009935429 0.840963930141 0.855210366729 0.862614330272 0.883780354001 0.905952534501 0.937671396784 0.944805469894 0.95095936901 0.988904139097 0.996426597229 1.02551740968 1.03823936508 1.08477339194 1.18465105477 1.28368141802 1.49804579932
55 660 5.7969259992 1.48386788454 0.683714933088 0.683714933088 0.727870331509 0.79527606911 0.798490052155 0.838907931323 0.856578036739 0.862826615468 0.88105214647 0.89165359315 0.936920807039 0.940493529918 0.95078466364 0.986341690336 1.00600985439 1.02564865785 1.03530478389 1.0920275206 1.18200530009 1.28040690731 1.48386788454
56 672 5.81773757761 1.47784088392 0.683291406831 0.683291406831 0.727440548886 0.793318637999 0.796896364822 0.842572336425 0.855272079424 0.862319004369 0.883852090268 0.900061606406 0.933208385665 0.936339711326 0.948405844674 0.986487123581 1.00863398281 1.0245721317 1.04578773965 1.08890129122 1.1804786604 1.26783390476 1.47784088392
57 684 5.7870204149 1.47413321177 0.682213728786 0.682213728786 0.727404809443 0.789228646948 0.794888168906 0.836340458361 0.841489481638 0.854341909413 0.883357066049 0.893017368845 0.934649947083 0.936425075353 0.946772027872 0.994141296818 0.998208419255 1.03215705807 1.05967559381 1.09160099139 1.17704964216 1.27514997669 1.47413321177
58 696 5.76760095592 1.45593230817 0.68156324219 0.68156324219 0.723991948301 0.790674947609 0.794623895711 0.837291094303 0.841352419358 0.853573357596 0.888657063346 0.891166147976 0.932517296174 0.93620578733 0.960710365342 0.984466099554 0.994630983286 1.02549257441 1.06456807254 1.08438042664 1.17953995537 1.28378338954 1.45593230817
59 708 5.70597040593 1.45788426194 0.674567936511 0.674567936511 0.724550214925 0.782383196076 0.791821245239 0.829869037946 0.837932749013 0.851596348315 0.876672229753 0.894305886233 0.936679831592 0.939131266818 0.962006369953 0.980779669859 0.997978943657 1.0241566222 1.0650623297 1.09273888933 1.18823392146 1.28971226736 1.45788426194
60 720 5.5611392978 1.44686337708 0.673671968262 0.673671968262 0.718464149528 0.785242011995 0.787577224579 0.827547505217 0.830337693074 0.848670055574 0.866535207712 0.89240310087 0.931993948732 0.934955291802 0.959913980513 0.981477750312 0.997534699023 1.02856428805 1.06834046485 1.10396359102 1.20025294352 1.28571216659 1.44686337708
61 732 5.35410769913 1.4213474477 0.667451960233 0.667451960233 0.715063898914 0.775973805829 0.787123218769 0.825250988987 0.828967195913 0.849380655646 0.864543123941 0.88905438338 0.927689079792 0.931249818849 0.959576139644 0.981051745307 0.990931342651 1.02743187799 1.07034419244 1.10970851774 1.2038873954 1.29048230551 1.4213474477
62 744 4.99100242879 1.42668296997 0.660886384988 0.660886384988 0.714946593045 0.773694745761 0.781115432473 0.814490214717 0.827476857457 0.845325708498 0.860112662633 0.887633078151 0.92504340539 0.932318451861 0.959128803162 0.981155046506 0.983348302739 1.03023643025 1.07815631706 1.10741082537 1.21190481512 1.29485619037 1.42668296997
63 756 4.85226973281 1.41337263307 0.654543555239 0.654543555239 0.709224478988 0.772533926441 0.778297987694 0.812105955176 0.824588150522 0.847922055521 0.860607491589 0.881167128534 0.919580674584 0.934854422665 0.955764530435 0.975182266954 0.993474871769 1.03272324381 1.07427697167 1.09922031274 1.21639726922 1.29785617718 1.41337263307
64 768 4.85752315299 1.41515158541 0.645736959929 0.645736959929 0.709121852417 0.768216779602 0.775855649176 0.807382534193 0.829908038325 0.85132289329 0.85614655387 0.880222682126 0.918462929362 0.924548941019 0.955235772402 0.968342654574 0.993631623758 1.03137583095 1.07977727014 1.10030229171 1.22665357538 1.30080874007 1.41515158541
65 780 4.82574508374 1.41096615836 0.635190990561 0.635190990561 0.70689130175 0.769310429906 0.77882508868 0.81626915466 0.828388945862 0.840189990322 0.854064844096 0.882300576642 0.910998843453 0.921730925122 0.958602163884 0.969093313435 0.991709541113 1.03400941134 1.08088007982 1.09969757794 1.24003058549 1.29068496551 1.41096615836
66 792 4.81196999081 1.40308990141 0.629524945273 0.629524945273 0.69746609866 0.771182983516 0.777674597949 0.820420520541 0.824965998166 0.84023243022 0.852019664163 0.879546243272 0.905815659697 0.920972675971 0.956692053621 0.965007198434 0.984748719079 1.03407557995 1.08288206409 1.10157154866 1.25637472931 1.29190368878 1.40308990141
67 804 4.85874827353 1.40913521584 0.618945252938 0.618945252938 0.692283174425 0.760434360527 0.775890859467 0.818415547816 0.827931318002 0.835697909459 0.847401238009 0.877433433603 0.906930332084 0.916233304323 0.963906481802 0.965282299863 0.988796030309 1.03643671675 1.0812384881 1.09797543273 1.27351146975 1.29325161004 1.40913521584
68 816 4.90995211167 1.41652146307 0.603748369707 0.603748369707 0.690648746903 0.764288370538 0.774697370546 0.81796283263 0.828029088877 0.836336068368 0.847396203861 0.876321421599 0.902227711899 0.914953276505 0.955449725332 0.961514411365 0.987162967669 1.04890134352 1.08291490639 1.09966537346 1.27454438388 1.30788761577 1.41652146307
69 828 4.87795923406 1.41937407766 0.594352434489 0.594352434489 0.689884378439 0.758904671003 0.769033093883 0.814721351518 0.824779449153 0.83722397932 0.845727350571 0.882793285276 0.903232002484 0.915764447171 0.955368972272 0.983661911633 0.986428992503 1.05471343939 1.07921294786 1.09767589834 1.27481601251 1.3046315303 1.41937407766
70 840 4.80952411609 1.42423470002 0.59270380503 0.59270380503 0.683231043378 0.752581607729 0.759731140262 0.817585883402 0.823984946541 0.840410371229 0.844538251325 0.879626584394 0.90197008246 0.909931871286 0.960017569125 0.975266461705 0.993427388993 1.06259614345 1.07626637977 1.09179701705 1.27071571548 1.312466031 1.42423470002
71 852 4.72033017854 1.4338671299 0.584747417091 0.584747417091 0.682182566257 0.750049535871 0.754740535053 0.808892354834 0.823235851962 0.8331542155 0.85497632251 0.876375658244 0.899880936478 0.908494714706 0.954968841613 0.972488468654 0.990009000475 1.0698207275 1.08475569978 1.09267185847 1.26779691535 1.31846966436 1.4338671299
72 864 4.60742850704 1.44160530161 0.582571202705 0.582571202705 0.677996576552 0.749204009809 0.75424088514 0.804252859139 0.82042741138 0.827989109463 0.849278147863 0.860572001568 0.89873605202 0.918279346869 0.953469656284 0.966232735474 0.992344355247 1.06621275951 1.08260557804 1.09755089282 1.26576295351 1.32104635241 1.44160530161
73 876 4.38689725294 1.44237232809 0.574512464085 0.574512464085 0.675311500704 0.747349683828 0.752957386714 0.801158000635 0.82840493246 0.829330770956 0.842665501509 0.862618903952 0.903333869499 0.935393922231 0.953346892437 0.966376474406 0.993061794375 1.05729742465 1.07791948673 1.09846137355 1.25862190436 1.32497678103 1.44237232809
74 888 4.19690363396 1.44406166816 0.570274419559 0.570274419559 0.678169506599 0.737453461198 0.75305814236 0.799676081677 0.815174505698 0.831757615894 0.832611587034 0.857364147122 0.898771689747 0.935751128197 0.954415876933 0.969040552559 0.99704727579 1.0583274437 1.07368653051 1.0968168813 1.26645254273 1.33158505985 1.44406166816
75 900 4.12330703897 1.45150810811 0.565882289931 0.565882289931 0.670950447462 0.73996927832 0.751514909732 0.796469977908 0.813145832343 0.829326747081 0.842982427434 0.855471002655 0.893327070049 0.932156235053 0.95443861254 0.969288881394 0.985750552843 1.06373486105 1.07658723495 1.092307976 1.26277183733 1.32907856946 1.45150810811
76 912 4.07203302705 1.4396971187 0.554596456257 0.554596456257 0.670898515725 0.739079966185 0.751134152432 0.794097461942 0.809079720519 0.828263346911 0.838807192882 0.852651062673 0.892090289931 0.930446177851 0.957078867704 0.974965038306 0.997843162028 1.05250056419 1.08533616651 1.10549371365 1.26028567582 1.33722704017 1.4396971187
77 924 3.88504523919 1.43621605993 0.552208606789 0.552208606789 0.669777417471 0.737797804859 0.7439812365 0.789267707083 0.806035730584 0.828137910563 0.830121761395 0.854044130415 0.885996614445 0.936152469851 0.949925194172 0.970719542054 1.00487743009 1.04661586298 1.09040257129 1.1168138072 1.24081591608 1.33545308179 1.43621605993
78 936 3.69513112763 1.43099149305 0.542053466871 0.542053466871 0.667951869176 0.741133769283 0.745882998538 0.785160224233 0.803229468539 0.823190175841 0.836386685805 0.86138293169 0.885454418711 0.932475088792 0.948295533634 0.967892931151 0.995358868794 1.04020415164 1.08635634004 1.12239325294 1.23427493159 1.3340272896 1.43099149305
79 948 3.59095926681 1.42979994614 0.539457460047 0.539457460047 0.66539599025 0.736340103335 0.743979765943 0.78008651213 0.800177133428 0.824011764035 0.833488360472 0.85791701583 0.88618963505 0.926961274863 0.950149555506 0.95821602227 0.991258453869 1.0342335545 1.09231436202 1.12628245148 1.22515229758 1.34215409632 1.42979994614
80 960 3.42796898098 1.42701460781 0.529635789118 0.529635789118 0.668853916701 0.738783062617 0.742917361337 0.778331412112 0.800417796149 0.822105324372 0.839478972675 0.84936292682 0.888301205724 0.930344011526 0.949423792702 0.955377193664 0.994474838961 1.03401368136 1.09247155859 1.12261966162 1.23247456944 1.33484741172 1.42701460781
81 972 3.24638215454 1.41998305023 0.522311348855 0.522311348855 0.667279975316 0.735793203616 0.742466662546 0.777164271095 0.800316566942 0.822974626736 0.841439153765 0.848696577209 0.882327000579 0.926194639949 0.948563369676 0.952728927892 0.986365092486 1.02597236609 1.0940966369 1.12870404708 1.22170526931 1.32902972025 1.41998305023
82 984 3.1511410551 1.42793251585 0.518298393185 0.518298393185 0.664328898549 0.735746567617 0.7400895913 0.772164911989 0.795818555442 0.820532834091 0.84229596629 0.846118310612 0.882939186074 0.91757346046 0.938506545275 0.952799651191 0.988329188706 1.02460903115 1.09915730985 1.12172063851 1.2226882768 1.335554473 1.42793251585
83 996 3.17155432457 1.43612734347 0.513454070049 0.513454070049 0.661637289368 0.731349350609 0.739317103876 0.773163881268 0.784580524965 0.81056300783 0.835834514617 0.850225190332 0.880313487537 0.919299386037 0.942776016532 0.959318923495 0.988879936715 1.02604504175 1.10118804638 1.11781536774 1.21745585136 1.32855715166 1.43612734347
84 1008 3.12850768704 1.4452956426 0.506690310451 0.506690310451 0.657179653815 0.723053382566 0.734771509525 0.770779897219 0.777176983528 0.806688822022 0.845330052081 0.855952717402 0.885265590464 0.917987216895 0.94144119762 0.961893771334 0.986734118073 1.0267112233 1.10170932774 1.11760456616 1.21593434985 1.34105738309 1.4452956426
85 1020 3.02744705624 1.44812976436 0.499910138585 0.499910138585 0.654794951305 0.728118235858 0.735990753128 0.764492188418 0.77647137743 0.807919345675 0.845216060273 0.852806792309 0.88241524242 0.909004606549 0.934728304236 0.961415297303 0.992272629263 1.02855803528 1.09919253614 1.11545148454 1.21421237433 1.34074632327 1.44812976436
86 1032 2.95158646829 1.45172623746 0.492009383192 0.492009383192 0.648553148967 0.726704470773 0.732997740747 0.756886975291 0.769934146194 0.806528765484 0.841745987932 0.847350623429 0.882747342118 0.90971605862 0.935142635174 0.95795721097 0.997149601438 1.03143871412 1.09879512186 1.11381847126 1.21324393228 1.33927744472 1.45172623746
87 1044 2.91506712334 1.44820947952 0.483039039396 0.483039039396 0.647885847692 0.72410438291 0.728478885823 0.753686891975 0.771944650282 0.809970299556 0.836403188972 0.855935837533 0.875709093755 0.908321765475 0.936549440811 0.964210876999 0.987917182617 1.03043918018 1.09078585197 1.10859794914 1.21270047211 1.33956472164 1.44820947952
88 1056 2.90909287867 1.45098270738 0.472603535716 0.472603535716 0.647414006689 0.72313532261 0.726760025327 0.754043025889 0.767600905944 0.811351375639 0.841165931884 0.854238994051 0.882976217676 0.9079207209 0.934928226389 0.965764757093 0.986942509015 1.03446291307 1.08373508621 1.11073450121 1.20795402699 1.34023605646 1.45098270738
89 1068 3.04612821311 1.45710346648 0.46920764707 0.46920764707 0.647406457185 0.719070844226 0.725974851965 0.749093348117 0.762228552024 0.81135026271 0.846967812129 0.858650490767 0.888320118647 0.902259858436 0.929664936531 0.96407457477 0.988586463944 1.03753333033 1.09072208008 1.11037310023 1.20832844709 1.33829974953 1.45710346648
90 1080 3.1491640352 1.47216924657 0.465717557563 0.465717557563 0.641529897051 0.721103364546 0.728010346796 0.750323180753 0.771888176471 0.809269115827 0.841930223096 0.866317206522 0.883935917908 0.902446516891 0.924474765303 0.970730444605 0.988643521167 1.05443133871 1.09100746501 1.11569903496 1.20570139267 1.34495522557 1.47216924657
91 1092 3.26235384038 1.4800537711 0.459235065 0.459235065 0.633595768364 0.713858076855 0.728295032331 0.749798478658 0.773758722226 0.803100937035 0.839606836555 0.865635893079 0.890929268344 0.909051512757 0.929406705187 0.971606219411 0.983367938818 1.06069806011 1.09554712309 1.1045117139 1.20862457305 1.35739182508 1.4800537711
92 1104 3.37875463587 1.50663550878 0.456697250598 0.456697250598 0.632313217363 0.713775714667 0.727713614038 0.750182302209 0.767653191985 0.796700922931 0.836933118778 0.863698184786 0.873423292695 0.899891302301 0.925429114162 0.969049864838 0.990301415544 1.06058394744 1.10086222216 1.11360499874 1.20140686053 1.37303767204 1.50663550878
93 1116 3.36368393851 1.52249618893 0.454870353712 0.454870353712 0.630435192912 0.710900508241 0.719075965967 0.748844195682 0.766212063953 0.78915299204 0.842756485119 0.860820277932 0.871797233928 0.899131615744 0.928486488149 0.963364452804 0.990081696955 1.06691748145 1.09850622915 1.11602099306 1.19270091371 1.37443003676 1.52249618893
94 1128 3.48092172695 1.52739529027 0.449559055661 0.449559055661 0.630813407323 0.703594229036 0.719738827235 0.7421539444 0.768003412097 0.785707787337 0.837669032883 0.868133835752 0.874118709173 0.905142883574 0.926233926925 0.963608480832 0.990339526012 1.06452215375 1.09578288615 1.10711954598 1.19012946951 1.3899194305 1.52739529027
95 1140 3.57734663203 1.52556976655 0.438130524181 0.438130524181 0.632208076124 0.695265946481 0.720218577271 0.737889579264 0.766040487111 0.782244152552 0.838341841831 0.865606838462 0.877126152879 0.900446012292 0.918606398999 0.96251848383 0.992997009103 1.07036920048 1.10466846801 1.12727975453 1.21378824439 1.39382655975 1.52556976655
96 1152 3.51902585631 1.5323580717 0.432149087557 0.432149087557 0.628522379144 0.690260872225 0.718012368969 0.738067861519 0.773018042833 0.778462226027 0.838657590069 0.855011556504 0.87576712747 0.894961314622 0.922288785364 0.9574328151 0.997912263474 1.06603643642 1.10291878291 1.13934746375 1.21534633247 1.39362754 1.5323580717
97 1164 3.58855651812 1.53823642463 0.424150938138 0.424150938138 0.629769597983 0.689076605277 0.722143680254 0.736132872715 0.771765614762 0.777643694217 0.839190943754 0.856041066248 0.872681460489 0.892679599703 0.923305668029 0.948322228797 1.00092171929 1.06365271265 1.09567784223 1.13841207513 1.21481828039 1.39333415396 1.53823642463
98 1176 3.65160257394 1.57852199784 0.415578612068 0.415578612068 0.630333749257 0.689452619941 0.719513386154 0.735391642554 0.770831032591 0.782457207892 0.833824277207 0.858963005847 0.881526159797 0.895053165487 0.929096705543 0.940116436284 0.989968413782 1.05443480241 1.10230200383 1.13764115534 1.21606536779 1.39287764492 1.57852199784
99 1188 3.63271509917 1.60022879794 0.411692539232 0.411692539232 0.623897266873 0.68761150474 0.718240767987 0.734358099796 0.764564154961 0.784455484443 0.833731304448 0.859278763969 0.874543750304 0.902129474576 0.928333974765 0.942393049114 0.991744449173 1.05331270165 1.0896616346 1.13657558379 1.21381385469 1.39117748851 1.60022879794
100 1200 3.71336656674 1.60767835392 0.410270372353 0.410270372353 0.614214196004 0.683761971926 0.713615105298 0.731557263732 0.762341475922 0.779749918476 0.833521641636 0.858083039531 0.875939165971 0.901864311069 0.930666791294 0.955486136241 0.993552240232 1.04758087493 1.08385558139 1.13821026237 1.21198202726 1.39938381731 1.60767835392
101 1212 3.79746760148 1.63286936774 0.406153443435 0.406153443435 0.614203688162 0.677131699313 0.706089113967 0.737367819427 0.763900089311 0.778417215246 0.836951652885 0.853505252331 0.875438194989 0.899338774832 0.925629651501 0.951004506433 0.987128283561 1.05382568177 1.08731645518 1.1344128199 1.23580892683 1.40461076856 1.63286936774
102 1224 3.82176856116 1.65867750417 0.402760633751 0.402760633751 0.609449255272 0.675272317822 0.704803960371 0.743692365368 0.759217455849 0.776104087013 0.829753417496 0.852232651653 0.869724008251 0.89598550522 0.923734100715 0.949329947357 0.983351711179 1.05267713464 1.09185763075 1.12711665192 1.24024202109 1.41184102154 1.65867750417
103 1236 3.81721717335 1.66713638837 0.398935569635 0.398935569635 0.605766131368 0.674801973983 0.701679894103 0.747679902789 0.756301848366 0.770777455839 0.830019039351 0.850038259703 0.853229023628 0.896619483089 0.91861484735 0.948988260785 0.981404689983 1.06901358029 1.10228986974 1.13770076148 1.23575982816 1.41302835525 1.66713638837
104 1248 3.72991035041 1.67652625253 0.393440449298 0.393440449298 0.600727857915 0.675669269069 0.704619455323 0.748476896501 0.75847616776 0.774583090964 0.825085542836 0.847302745036 0.855346946957 0.890522248791 0.914976952972 0.948966699739 0.97961744709 1.08633525833 1.09870179187 1.13197721599 1.22512183137 1.4004786257 1.67652625253
105 1260 3.60051395902 1.69007514854 0.389444743597 0.389444743597 0.599171987316 0.674077414987 0.695952180006 0.748936886309 0.760566958738 0.782005384209 0.824539678393 0.846083606869 0.854270926212 0.893227229029 0.912127969966 0.9503418949 0.974243619488 1.08913762348 1.09758364998 1.12340889112 1.2268331074 1.40464498789 1.69007514854
106 1272 3.39151798608 1.70382530472 0.383724074369 0.383724074369 0.595493452642 0.673579630875 0.695552929157 0.747855802636 0.758652346192 0.784425174759 0.812439295981 0.843193541448 0.852513967311 0.889045559815 0.923301984623 0.943446657472 0.982630615659 1.08817996448 1.0978155951 1.11427526232 1.22133975448 1.4049329933 1.70382530472
107 1284 3.30599754358 1.70746856714 0.37438435243 0.37438435243 0.592067896231 0.67212526084 0.695557179074 0.743213910231 0.771549190774 0.779311674044 0.803648752131 0.83982838897 0.854583277014 0.883265279665 0.91915486459 0.943428551718 0.983135545837 1.08579923137 1.09618411243 1.11912754317 1.2211859551 1.41327896316 1.70746856714
108 1296 3.28760469501 1.70379680394 0.370443766939 0.370443766939 0.590801621564 0.672189506223 0.693592936883 0.744553305024 0.764311078778 0.775087660123 0.798918259708 0.838339715762 0.85569697776 0.891251638091 0.919350999984 0.946625535644 0.984605753829 1.08231425269 1.08758435363 1.1300844901 1.21744808217 1.41379581307 1.70379680394
109 1308 3.21645668687 1.69586296401 0.367840847567 0.367840847567 0.58589122836 0.672540486507 0.691872104471 0.745618732884 0.762075944756 0.77743178225 0.791812978797 0.834409073282 0.854579958248 0.885669114396 0.913278136397 0.958451843356 0.986882487613 1.08448938173 1.09043573484 1.13111678671 1.20744559653 1.41471802747 1.69586296401
110 1320 3.16910647527 1.72568112235 0.363758252721 0.363758252721 0.584703808966 0.6630966566 0.683813022813 0.743170929748 0.760869510118 0.77702663413 0.78701986683 0.834396453278 0.855173308744 0.888111175821 0.916767547333 0.959354016048 0.987380761023 1.06870095315 1.09022262402 1.13166293505 1.2110761049 1.42554020415 1.72568112235
111 1332 3.15041401344 1.72750822131 0.35939858091 0.35939858091 0.58538299979 0.663312664706 0.684031507893 0.739095002278 0.766904704623 0.782336907938 0.794154770078 0.835587205123 0.852989104438 0.881139967084 0.917878956105 0.956823089609 0.987516166345 1.07560519834 1.0925434149 1.12823454911 1.19387216486 1.42911937897 1.72750822131
112 1344 3.08994235707 1.73013124041 0.353633785378 0.353633785378 0.585447619849 0.659842041173 0.677049713134 0.743282449166 0.770413082013 0.780065313165 0.795371171221 0.837005704419 0.84700324137 0.888668106811 0.920801610116 0.957984156298 0.987943413153 1.0760339614 1.09627115591 1.11848007651 1.22252415376 1.43041165214 1.73013124041
113 1356 3.04504337104 1.72297266489 0.346168130342 0.346168130342 0.583595035292 0.659241245756 0.674860485579 0.74966239504 0.772690907024 0.775418308848 0.797077437255 0.83905747027 0.846518159444 0.882231645964 0.921811339335 0.951107165663 0.986844647526 1.07355217905 1.09760693667 1.12023385296 1.23343900079 1.43098404845 1.72297266489
114 1368 2.95448443497 1.70605957092 0.343238381745 0.343238381745 0.581192384206 0.659779280532 0.677574986278 0.743975864184 0.770923566094 0.772365530211 0.793312120989 0.83451140768 0.850354139691 0.880962696007 0.924659854529 0.958741199041 0.983831351325 1.0692600843 1.10706533254 1.11840778127 1.23880118735 1.43030388983 1.70605957092
115 1380 2.93478785788 1.69359793452 0.340826130529 0.340826130529 0.579604872333 0.654249052755 0.678058899773 0.738386639381 0.769039985187 0.779697564558 0.797032087979 0.832928288666 0.846406064501 0.881748491249 0.920672302956 0.953290088141 0.988336723932 1.05555412832 1.11580758858 1.12494585751 1.23957418367 1.4386229952 1.69359793452
116 1392 2.93541506 1.69711444704 0.33972365371 0.33972365371 0.570352606205 0.645142879824 0.678872712351 0.74145551199 0.766288525897 0.778954697969 0.800995972032 0.834537179742 0.849904152721 0.880066526449 0.91866730269 0.949998275004 1.00267208284 1.04168534765 1.1204685203 1.12853416362 1.24717967785 1.44809225969 1.69711444704
117 1404 2.91719166075 1.69200068454 0.338586125886 0.338586125886 0.562486443825 0.64687077301 0.676540988319 0.73952818854 0.767526164482 0.776640832916 0.805306454974 0.831827932342 0.851017799164 0.873491647665 0.917718534329 0.952687380934 1.00148409608 1.04105032366 1.12817664007 1.13607542625 1.24572416997 1.43896611933 1.69200068454
118 1416 2.92375659305 1.69522965909 0.336057608785 0.336057608785 0.559473501736 0.644184381403 0.670266267075 0.737121173693 0.770069550301 0.781093569264 0.801194199768 0.830932260573 0.855271425159 0.86636642784 0.914969522426 0.953411628202 0.993620177369 1.0395558382 1.12753771946 1.13984859037 1.24615192998 1.44978087203 1.69522965909
119 1428 2.88080207162 1.69021462659 0.327904379687 0.327904379687 0.561784514761 0.635400331147 0.673997464655 0.742986116251 0.772130910476 0.787184078156 0.799646111069 0.827012065068 0.860156587579 0.864595306684 0.91500866562 0.952999517278 0.993252441216 1.03167349441 1.12853310051 1.14761818552 1.25266667903 1.43463375661 1.69021462659
120 1440 2.81730389081 1.69333567106 0.325793459958 0.325793459958 0.563971209019 0.634341492652 0.674358312648 0.745184295298 0.770877369562 0.78370503894 0.799195716453 0.814104672481 0.856757725317 0.87439048385 0.914205763061 0.951931956512 0.99459220642 1.01605971267 1.13372604386 1.14825849088 1.25144408205 1.44468339489 1.69333567106
121 1452 2.7785288458 1.68982596803 0.321621448497 0.321621448497 0.564314902923 0.637474230959 0.673415119838 0.744752134008 0.771608368886 0.776838358363 0.796244910262 0.807668052004 0.858251255792 0.875060959804 0.913862345267 0.94544917158 0.994440918938 1.01303078241 1.14008300367 1.15558995062 1.2526393058 1.4340538426 1.68982596803
122 1464 2.68772425371 1.68915637479 0.319587790622 0.319587790622 0.559162137493 0.638590386008 0.670473317288 0.74479911597 0.770303077233 0.776124752057 0.794641578207 0.801029782935 0.862197061676 0.878805709117 0.912355037459 0.940004415069 0.993034784466 1.01919367231 1.13100236309 1.15745192668 1.25547145001 1.4292293767 1.68915637479
123 1476 2.5913898458 1.69197452725 0.315577931043 0.315577931043 0.54651131462 0.640294205331 0.667302457896 0.743030246774 0.763813125829 0.783083006792 0.796411207887 0.801284475096 0.858266205039 0.886033489139 0.914997158124 0.936191361353 0.988768673504 1.01821263859 1.12594812584 1.16121050093 1.25251633621 1.43552268731 1.69197452725
124 1488 2.55785787972 1.68762462915 0.305946747474 0.305946747474 0.544926897707 0.643589314619 0.666776139216 0.738049778506 0.762448527591 0.784645897309 0.795168964355 0.802666619043 0.856024070184 0.889881271283 0.919282645224 0.934149069588 0.983973970306 1.02558383618 1.12148245243 1.15963161794 1.25548709959 1.43085726716 1.68762462915
125 1500 2.50274013369 1.68879200996 0.302769952544 0.302769952544 0.54228431689 0.641403115909 0.665276477322 0.740357734135 0.767130257181 0.787910360906 0.792169440459 0.806437847994 0.853295253095 0.886206084698 0.920815576939 0.935910817999 0.970468349313 1.02663798365 1.1221743333 1.17124090326 1.26887608396 1.43191509059 1.68879200996
126 1512 2.47625647055 1.69637950072 0.296276358516 0.296276358516 0.538497788832 0.636569896057 0.664157547781 0.739635923429 0.764919726479 0.780542166229 0.788795023328 0.81129420294 0.850388141144 0.888444112956 0.919666604791 0.93866496124 0.974190916837 1.02410432087 1.12999736953 1.18104970158 1.27718041362 1.43809594915 1.69637950072
127 1524 2.49872913191 1.69367977388 0.293538867099 0.293538867099 0.536171060648 0.630611813167 0.660949561584 0.743566091388 0.764250597998 0.779307068463 0.79515574633 0.808823219107 0.84901707917 0.88613481673 0.911539375676 0.94882482923 0.981631754093 1.02572136889 1.11968896113 1.18623636083 1.28374711114 1.43258644119 1.69367977388
128 1536 2.50054475776 1.68436528941 0.293508559104 0.293508559104 0.541672744973 0.626730933776 0.673114198839 0.737250376526 0.763552557292 0.777852924546 0.799487845373 0.802919375472 0.843989051831 0.882208224567 0.90946867866 0.950344592318 0.983473339209 1.02989348029 1.11623043638 1.19658715181 1.29843482098 1.43608933938 1.68436528941
129 1548 2.49299081211 1.68096341988 0.291460718721 0.291460718721 0.536636566519 0.622720578792 0.673551698586 0.734984261359 0.76095207735 0.776860578553 0.797942711972 0.801516835035 0.844106928928 0.87923584758 0.892383397665 0.948423655913 0.985676541448 1.03423223517 1.11099318595 1.19295675428 1.34070150569 1.43613498925 1.68096341988
130 1560 2.44426204717 1.6809285738 0.287468873326 0.287468873326 0.536791097374 0.622426243322 0.67388489923 0.731373218954 0.74844512164 0.774747355883 0.798639273536 0.803069780738 0.8458353672 0.880968853484 0.887807583765 0.951933534539 0.981924888237 1.03101579548 1.10365973084 1.19375254825 1.37281446958 1.42911680341 1.6809285738
131 1572 2.39634110382 1.67519895319 0.283747361571 0.283747361571 0.533864938497 0.61869363527 0.673053961608 0.735356976306 0.743921139928 0.773378532284 0.797409054699 0.801005655775 0.839088388311 0.879548890564 0.89086626205 0.947418987891 0.980534737518 1.02027939875 1.09897613114 1.18654381953 1.39830518194 1.42498425704 1.67519895319
132 1584 2.35676639637 1.68254882735 0.281246699017 0.281246699017 0.529411372751 0.61617284214 0.67088255441 0.732955197957 0.739087967208 0.775118151167 0.790891140255 0.801646161615 0.833916954532 0.866765496043 0.885915328841 0.941319944963 0.982114694263 1.03114627509 1.09675758207 1.17705471185 1.41577414285 1.42662050563 1.68254882735
133 1596 2.25628449009 1.68158775119 0.278802229805 0.278802229805 0.521596018784 0.618690601786 0.66905024089 0.729166473834 0.730836583468 0.781042888071 0.788466391593 0.803415634829 0.84027674893 0.869853918069 0.876261784364 0.937866928409 0.980022419537 1.03704679648 1.09968761511 1.17105925819 1.42261960786 1.43967138861 1.68158775119
134 1608 2.16346697841 1.68650221316 0.277013755691 0.277013755691 0.52168546942 0.611644256762 0.671617133252 0.724194329477 0.734055270817 0.779581272037 0.783080783129 0.800382206395 0.840646211132 0.869339322201 0.873741325957 0.932565989554 0.983591706406 1.03695211691 1.09852639307 1.16779413154 1.41842717397 1.44839254184 1.68650221316
135 1620 2.15560436646 1.68820941778 0.272426502904 0.272426502904 0.520398639427 0.611205168616 0.664189275302 0.728252732373 0.732218385173 0.772373507368 0.783739447465 0.802091105162 0.836200680079 0.866119410748 0.876511806702 0.931377456505 0.984714863952 1.02892786026 1.10171421259 1.17706139033 1.41561159252 1.446827823 1.68820941778
136 1632 2.10879657055 1.7392125809 0.269125915781 0.269125915781 0.515977815523 0.609879477863 0.666652925945 0.713971200951 0.73611079766 0.770998412689 0.786288569425 0.796157748186 0.846045110445 0.865193833301 0.888806394785 0.930670519265 0.982106550121 1.02343446316 1.09837467317 1.17501819624 1.41646954074 1.44690011761 1.7392125809
137 1644 2.07006657655 1.74762968488 0.265640427083 0.265640427083 0.509910700814 0.607638873743 0.661293955422 0.705057385796 0.729782420389 0.767259280369 0.787908268486 0.800493812729 0.842918491153 0.870533361204 0.885986812007 0.934113192155 0.979513025553 1.02009837038 1.10263427922 1.17445884758 1.43248757645 1.45186441226 1.74762968488
138 1656 2.0201031172 1.75085622983 0.262454287114 0.262454287114 0.503723356673 0.603914177479 0.660748917938 0.711077760685 0.728836201522 0.767781215266 0.788616069275 0.799463943266 0.840565951654 0.864433712513 0.886120607761 0.93388758585 0.975068190329 1.03500381193 1.11686754914 1.16465626906 1.43060713025 1.45863002922 1.75085622983
139 1668 1.99673373217 1.75738652153 0.258165329974 0.258165329974 0.501717404138 0.607879024035 0.659123278241 0.706628357969 0.72964834621 0.765671259287 0.784104444045 0.797097252094 0.841485744173 0.862062453791 0.87962269191 0.933601009716 0.964032219406 1.0460681948 1.11443950065 1.16596900092 1.42968060551 1.44967798667 1.75738652153
140 1680 1.99558691496 1.77742989919 0.25594781858 0.25594781858 0.496197861687 0.609865442018 0.656475780895 0.703841901586 0.734300936325 0.75726624259 0.782311799381 0.794352413112 0.843608946643 0.857996300351 0.87252856509 0.930338534656 0.955432663163 1.04845239136 1.11589306916 1.16499186876 1.43299462331 1.45366450192 1.77742989919
141 1692 1.91270878424 1.79321441342 0.252689609743 0.252689609743 0.494736240404 0.607602709069 0.659178647044 0.701397697989 0.722946176764 0.756087844477 0.784462445627 0.790483240939 0.840629583213 0.855915511214 0.87279738953 0.927377666836 0.94591478132 1.0679844672 1.10696052022 1.15527059414 1.42648660537 1.45776582702 1.79321441342
142 1704 1.81553456377 1.79375133841 0.250409074878 0.250409074878 0.489618260806 0.60260785564 0.658885657838 0.69605830028 0.722123611994 0.755594820951 0.776273665984 0.789605323989 0.841764614893 0.857549995206 0.867879977447 0.928211742858 0.947160700749 1.07767302276 1.10324569098 1.15298276261 1.41033676352 1.46253563164 1.79375133841
143 1716 1.6834429084 1.79176952846 0.248688207103 0.248688207103 0.488540810548 0.602253856934 0.661129719414 0.69015090666 0.724245339287 0.748390411995 0.768269443798 0.790531609381 0.846285164196 0.857483036435 0.878403390833 0.920562535715 0.951641615852 1.07556500002 1.1014478272 1.15365411078 1.39500113116 1.45892010143 1.79176952846
144 1728 1.63982099211 1.78349375021 0.246635996125 0.246635996125 0.486845258366 0.601002258676 0.657255224977 0.690357315562 0.722026506828 0.740825385009 0.767725727869 0.790379105887 0.843088579446 0.858002769399 0.88512111892 0.912025368893 0.947143440605 1.07481802694 1.09776239002 1.15428526469 1.38573668207 1.46965672348 1.78349375021
145 1740 1.5735151916 1.77314870225 0.244974973279 0.244974973279 0.482963608973 0.6021055181 0.661098608505 0.690163188131 0.721934102432 0.740221971999 0.770498885437 0.789725311651 0.842508011616 0.859465887981 0.886452262075 0.911771922343 0.948810173087 1.07390631143 1.09820079277 1.15768953332 1.38375087442 1.46988287426 1.77314870225
146 1752 1.48396769644 1.77148981201 0.243383415234 0.243383415234 0.476383292439 0.608439626068 0.661892484908 0.682455117474 0.71186596741 0.741933228244 0.769598111535 0.788614090748 0.84412193315 0.858931865527 0.88636721915 0.909289842037 0.949481278585 1.08160693611 1.0990507816 1.15499080482 1.39293521698 1.46615134748 1.77148981201
147 1764 1.43221655414 1.76291300335 0.239957256216 0.239957256216 0.468859806569 0.605550529156 0.661335026786 0.679209159996 0.710249017036 0.738014754413 0.767298740567 0.789289721857 0.843692383486 0.863538294139 0.887125280827 0.910625302867 0.950616203879 1.07887511722 1.10269860451 1.15093239795 1.39160909952 1.48189705513 1.76291300335
148 1776 1.39343916038 1.78851165412 0.236573453113 0.236573453113 0.464566507247 0.602826815837 0.656973051171 0.675759865895 0.711063798278 0.739111037374 0.761064012415 0.786859048422 0.853530744051 0.859831601358 0.882927345942 0.912243580357 0.94510424237 1.06895613429 1.10476767544 1.15101347691 1.39469928813 1.47606163579 1.78851165412
149 1788 1.35538639079 1.81828481397 0.233811059413 0.233811059413 0.463849391011 0.600402854198 0.652268981676 0.675505494745 0.71038394103 0.741886997867 0.761723085945 0.791907319168 0.855489570844 0.856925834338 0.880426601078 0.908978634374 0.944096167026 1.04907177193 1.10603265944 1.15792875595 1.39196857976 1.47034610557 1.81828481397
150 1800 1.33636931238 1.82978647519 0.231378012848 0.231378012848 0.455911786156 0.598867130227 0.652389552561 0.674623337087 0.709431571423 0.744864893405 0.759495228274 0.796409601779 0.85018829593 0.857490572795 0.872732552292 0.907198431856 0.945840872149 1.04512971324 1.09903815728 1.1560692787 1.39193729593 1.47199767498 1.82978647519
151 1812 1.31645525003 1.84305289031 0.228450830968 0.228450830968 0.452031291396 0.597598622419 0.652371343646 0.672331803787 0.716950175987 0.746218894055 0.755754726891 0.795731179392 0.852766285968 0.864217663226 0.877582651775 0.904877009915 0.944664640573 1.04767641055 1.09848741012 1.15748206418 1.38003458124 1.46000543673 1.84305289031
152 1824 1.33558610887 1.84331493678 0.224148302473 0.224148302473 0.451670979388 0.587539852683 0.650624930427 0.67544949008 0.725073107362 0.749382395776 0.751046435283 0.796083925163 0.850871590949 0.864345125293 0.875802960029 0.908158587784 0.946844500946 1.04730721413 1.09408705394 1.15232360602 1.39063331836 1.46365540126 1.84331493678
153 1836 1.35152575732 1.84749662113 0.220797814363 0.220797814363 0.448699359328 0.584700192906 0.648710527961 0.67577215899 0.734542464626 0.743958377962 0.753265336665 0.805521560592 0.848464435209 0.866097453096 0.871286302779 0.921296571566 0.947421213044 1.04415616067 1.09323210793 1.15153347706 1.38153652337 1.46260676689 1.84749662113
154 1848 1.29656886078 1.84199459465 0.219237304739 0.219237304739 0.445751115252 0.581233229475 0.645322601058 0.671897147666 0.739019493833 0.743796187486 0.749745828474 0.80720782166 0.84942597872 0.861914446823 0.8690127703 0.92580230159 0.948217175999 1.04344410319 1.09686215175 1.1527593319 1.38087695617 1.46474444778 1.84199459465
155 1860 1.22693885097 1.84315241664 0.213820695536 0.213820695536 0.443687036929 0.576362541399 0.642527048006 0.669361226099 0.737860845014 0.74393055961 0.759177623239 0.807039057544 0.845461665532 0.858408727855 0.867983967942 0.934976379611 0.944843421161 1.04474609615 1.09787923911 1.15422754442 1.38364386068 1.45922009805 1.84315241664
156 1872 1.16789844587 1.83936358455 0.211438866892 0.211438866892 0.441689470954 0.575901963491 0.650076562778 0.6682677609 0.732533949597 0.742973075665 0.761474702383 0.792626021845 0.843907209911 0.857849668959 0.866453106358 0.930084515058 0.948739019652 1.04032056747 1.09904391236 1.14691426778 1.38361849629 1.45687113516 1.83936358455
157 1884 1.14120439443 1.84475502493 0.208776144199 0.208776144199 0.4404415236 0.573650291377 0.649708275688 0.669970800236 0.723201829391 0.740498997478 0.764467919624 0.790742722447 0.838084920423 0.856845538121 0.865414207971 0.924873797906 0.951184375857 1.05861803464 1.09351464253 1.14011268272 1.38317400655 1.45911053382 1.84475502493
158 1896 1.13025271724 1.82959889285 0.206955697796 0.206955697796 0.436641767616 0.575778971547 0.650910676361 0.674343617551 0.722068270163 0.738409662744 0.757066269144 0.787525897312 0.835797777346 0.85033077109 0.864321364066 0.927712281132 0.947994764411 1.0560107208 1.09345644175 1.14025145384 1.38210848506 1.46854695047 1.82959889285
159 1908 1.14070542187 1.81253117642 0.205881510982 0.205881510982 0.432417436623 0.591386758088 0.646067087752 0.671940347897 0.720053266311 0.734564851987 0.757262972701 0.777391007616 0.837356913112 0.852136099105 0.861208390345 0.927815929662 0.949721067575 1.05547760455 1.09608240802 1.13848436639 1.3874594166 1.46865132978 1.81253117642
160 1920 1.12982776272 1.7957589305 0.202911993066 0.202911993066 0.428776388083 0.594531201721 0.646597828653 0.670306341997 0.717447517219 0.734045831708 0.746956602779 0.781960221653 0.834352949401 0.85468186715 0.86453851752 0.92771204667 0.940495664322 1.05479723081 1.10098451011 1.13866482729 1.39014504345 1.48639835666 1.7957589305
161 1932 1.11129047514 1.79206372201 0.200302568053 0.200302568053 0.427698712906 0.596616548841 0.643654337049 0.671275359857 0.715527173377 0.727316703257 0.743459740799 0.785298134981 0.833378377473 0.848454773524 0.871398886676 0.920149391508 0.93691905256 1.05998707944 1.09805655953 1.13768226901 1.38288698315 1.49339577422 1.79206372201
162 1944 1.10475017473 1.77813708287 0.197607392135 0.197607392135 0.426348136546 0.598057349537 0.644300600465 0.66892500299 0.716308489844 0.727819310663 0.734473395989 0.785564069079 0.833449990368 0.84764196623 0.880054743804 0.911271598119 0.928376132181 1.06371327729 1.09984362743 1.13684831646 1.38687591872 1.50311759544 1.77813708287
163 1956 1.07781952687 1.78256031809 0.192845582238 0.192845582238 0.42324218929 0.601430693683 0.64268271834 0.663431675524 0.714092444676 0.729374055241 0.736429282933 0.792132304301 0.833020868666 0.848683514503 0.880629003575 0.915351931026 0.939019346474 1.05557545779 1.10329628456 1.13385993548 1.4041657123 1.49769958967 1.78256031809
164 1968 1.11894911793 1.78291004064 0.191747025085 0.191747025085 0.419326675917 0.603402764765 0.64022550741 0.65399500553 0.719281295861 0.732014242861 0.733694354284 0.792748215771 0.83051352911 0.845815081018 0.880392548499 0.920709628619 0.947557694074 1.05595067555 1.10110282778 1.11930915129 1.41053800385 1.49808057857 1.78291004064
165 1980 1.14174121704 1.78354588321 0.190689148133 0.190689148133 0.41919100557 0.598604225521 0.642168138853 0.656235652299 0.710677293247 0.730947029175 0.741303652274 0.791368460039 0.830903629151 0.841156759337 0.908937774048 0.922533571974 0.951475945025 1.05184501791 1.09780415976 1.1147834819 1.40796712313 1.48572795552 1.78354588321
166 1992 1.21288151302 1.79191007398 0.189551840181 0.189551840181 0.417036020359 0.594368997374 0.64344654273 0.656288673401 0.712665166197 0.723538097517 0.736024202764 0.791807156558 0.833565454934 0.84714730531 0.909108769132 0.923082838535 0.942412999677 1.05452032342 1.09804682262 1.10969868298 1.41710717354 1.47587421581 1.79191007398
167 2004 1.23537100387 1.81513575352 0.186554388158 0.186554388158 0.416618151742 0.595089353063 0.641172401103 0.656190428706 0.711235293078 0.71531587865 0.73909840251 0.790431040726 0.824910147114 0.850221394107 0.906793657578 0.92416156128 0.969459974608 1.05911863143 1.10386556045 1.11464176371 1.41959602774 1.48072546355 1.81513575352
168 2016 1.26008417185 1.82606959707 0.183311996596 0.183311996596 0.412810271699 0.593131437022 0.640415789038 0.652350024024 0.712059640178 0.715283751916 0.736730396855 0.784391558367 0.821081668856 0.851210187693 0.900729660377 0.929991055142 0.976110933772 1.05627073873 1.10070641977 1.12449131583 1.42676082287 1.4769420917 1.82606959707
169 2028 1.30579510598 1.83153219566 0.182571243184 0.182571243184 0.411287695723 0.592098091885 0.642178456197 0.651753382502 0.711588362853 0.712899244291 0.746497124999 0.785414192592 0.820650620415 0.852143084922 0.902147554557 0.927223708633 0.973483851707 1.04753931358 1.09324371476 1.13032621607 1.42606314282 1.50930895914 1.83153219566
170 2040 1.36070646264 1.82916030783 0.182150039589 0.182150039589 0.406919710455 0.594209764469 0.635150720629 0.648751074456 0.706685345134 0.71034583296 0.750985922492 0.780387913579 0.823356475803 0.848657315405 0.902894446426 0.926197155882 0.975283339861 1.04438127825 1.09043028382 1.13911777835 1.42592004362 1.50625555043 1.82916030783
171 2052 1.43168654598 1.83278116794 0.182005326384 0.182005326384 0.405796545589 0.592492843902 0.625435054835 0.64105933818 0.699995066456 0.710281259225 0.757574057235 0.781057990465 0.827685179634 0.843182505965 0.905204976195 0.925705385585 0.975666884234 1.0407575703 1.08948997028 1.15639115829 1.42583913548 1.51574624573 1.83278116794
172 2064 1.50098119253 1.82292765038 0.180763910679 0.180763910679 0.39924167855 0.592906642674 0.625644320956 0.63650332769 0.69703789502 0.711108858545 0.765377965339 0.780806696163 0.824413453627 0.843710963086 0.906883602369 0.926612398804 0.978665035045 1.03594624472 1.08798156555 1.1849492508 1.42035816346 1.52043231447 1.82292765038
173 2076 1.57354654278 1.81729296938 0.178442946315 0.178442946315 0.398463907485 0.59186689453 0.620526920521 0.634336719507 0.698128387722 0.716546159344 0.762129160939 0.781254735333 0.823529306641 0.84275465224 0.906072994363 0.930811228564 0.979564889268 1.03174056069 1.08877431702 1.20968874243 1.42076005423 1.50853062782 1.81729296938
174 2088 1.58358577658 1.79960268297 0.177847761944 0.177847761944 0.395332021279 0.588219416522 0.628149885104 0.636182969052 0.688595232493 0.715194269871 0.761326824799 0.781244900248 0.826284691431 0.848914915833 0.910768620442 0.931716044151 0.980475483738 1.02812691629 1.08934052583 1.22939511914 1.41430347478 1.4954263449 1.79960268297
175 2100 1.58846462518 1.78463147558 0.176066333106 0.176066333106 0.391629096613 0.586246388499 0.622843917432 0.634047412632 0.690043664254 0.715657700685 0.763271441652 0.785346320892 0.83061712326 0.856302507756 0.912779066423 0.928524661791 0.979053875129 1.02972107121 1.07896250035 1.24146322837 1.40851319366 1.49486727625 1.78463147558
176 2112 1.59805344009 1.78413961622 0.173417727924 0.173417727924 0.390468919704 0.585979635674 0.620549473449 0.636704955849 0.688130241988 0.715784239892 0.762792426004 0.784163531092 0.821534786315 0.858400319506 0.920712538421 0.928656028554 0.975394913674 1.03129063982 1.08191904979 1.25714419507 1.39709707334 1.49293733157 1.78413961622
177 2124 1.59025673196 1.78732644437 0.172969635526 0.172969635526 0.388747287377 0.580939938545 0.620030869388 0.633269878593 0.68573617797 0.711639030181 0.758766507047 0.786295622744 0.813243628948 0.864101197731 0.910117662018 0.932921793634 0.982528102799 1.02418815692 1.08526274297 1.27119256056 1.38600283985 1.49916158252 1.78732644437
178 2136 1.59646615972 1.79504455003 0.171736738219 0.171736738219 0.384772291988 0.572928717551 0.616746693715 0.634996166213 0.683935724621 0.709142296798 0.759428271519 0.790856897418 0.814074200358 0.858107313473 0.905714287821 0.92668732003 0.986782611481 1.02295406243 1.08274259896 1.27167168316 1.38173356251 1.49866271779 1.79504455003
179 2148 1.58163896898 1.78415543141 0.168800732169 0.168800732169 0.383716659334 0.57316556365 0.610659112521 0.631208488967 0.687144453466 0.700845489566 0.760431679322 0.792820848019 0.81418979682 0.855466849622 0.90548088629 0.923502345709 0.998000113962 1.02721826394 1.08430354681 1.28212278666 1.37372051182 1.4942457096 1.78415543141
180 2160 1.54555743596 1.8004663053 0.165577866314 0.165577866314 0.378122274001 0.576967939162 0.61180487229 0.63415689407 0.686890374598 0.699612714104 0.763424693227 0.793037013735 0.812521433009 0.855541458419 0.906618298546 0.927876100597 0.992841936623 1.02911397858 1.08498307731 1.28370519348 1.35718542564 1.50132314191 1.8004663053
181 2172 1.5173466376 1.79169851448 0.163919866899 0.163919866899 0.379063541788 0.578323557616 0.611069188629 0.631008408003 0.687226460343 0.688207711202 0.767840224231 0.795558656279 0.811358290247 0.868971086482 0.90727819877 0.923812334438 0.987752849659 1.02128172005 1.08448356888 1.27963885413 1.34477130977 1.50821815885 1.79169851448
182 2184 1.53299928711 1.79815881775 0.162997526399 0.162997526399 0.370580430805 0.579502442649 0.612968698268 0.626053306531 0.686580115529 0.68825646585 0.768605465983 0.79591600473 0.816147720868 0.870380508232 0.904480891916 0.923835260016 0.979146291915 1.0202643654 1.08286305635 1.28274766959 1.34144342411 1.50714632907 1.79815881775
183 2196 1.60467553071 1.80940592168 0.162126395643 0.162126395643 0.366938776581 0.580772167687 0.60825400794 0.627078096749 0.6811171586 0.693089357133 0.77071046175 0.7965382696 0.81985919828 0.875173840071 0.913128990849 0.922740726802 0.97836208598 1.01227909681 1.08121621578 1.27791752162 1.36420280003 1.50441262411 1.80940592168
184 2208 1.62071247762 1.81256736604 0.161319188985 0.161319188985 0.362519760603 0.580245411076 0.60645107916 0.628348626211 0.680396623263 0.690840192954 0.779757691318 0.796363473375 0.816305809182 0.866014225027 0.912872955505 0.947094512454 0.980485437944 1.0096211234 1.07852092667 1.29395399356 1.3674600487 1.49912493841 1.81256736604
185 2220 1.63987024813 1.80905251159 0.159772335547 0.159772335547 0.358740683998 0.579252525079 0.607098122114 0.632952525417 0.669353544031 0.694863586148 0.771246286688 0.797960581207 0.812584294961 0.86235731051 0.912000724086 0.950104712916 0.988152857854 1.01405052463 1.07622297761 1.30646376683 1.36078833042 1.48978149497 1.80905251159
186 2232 1.65743708362 1.79398607208 0.156522503555 0.156522503555 0.355754853049 0.576895888544 0.601688775079 0.629028443137 0.674614696732 0.691621378344 0.770465415176 0.800721925269 0.81749774789 0.860050036774 0.911114423197 0.966243083914 0.997149410302 1.01628626582 1.07601909628 1.31704640249 1.35470881604 1.48932075337 1.79398607208
187 2244 1.71568289784 1.78090239488 0.154692187242 0.154692187242 0.352354110842 0.573716005463 0.600559820878 0.624472011453 0.673813324542 0.687766403206 0.773573574749 0.799960386695 0.82391015348 0.870810615267 0.91108109939 0.969851914497 0.998783736561 1.02935925905 1.07842771622 1.32681749716 1.35091347247 1.48794832016 1.78090239488
188 2256 1.70874399984 1.76113036665 0.152248833254 0.152248833254 0.349545924192 0.573484664947 0.599417515841 0.625605269995 0.67170088236 0.690970608017 0.773939960511 0.793507148568 0.819901372815 0.869268044888 0.925415377251 0.968861822676 0.999035864866 1.02571265511 1.08180587449 1.34400422119 1.35737094056 1.49621442569 1.76113036665
189 2268 1.78549136638 1.75517613741 0.152363544369 0.152363544369 0.344607126978 0.567147479033 0.59355410218 0.623467931995 0.671030781593 0.691007446609 0.770766804997 0.790560540574 0.816921169488 0.866725258325 0.926301437383 0.969229961286 0.995219806346 1.03055297741 1.0877048275 1.35061433065 1.36117443493 1.49986284286 1.75517613741
190 2280 1.81313624012 1.78061546673 0.147203823748 0.147203823748 0.341883332589 0.573833360101 0.59188833237 0.618327581426 0.668937939752 0.698303255814 0.762767221662 0.793078254713 0.815388256738 0.864366651407 0.928346788325 0.965220447596 1.0051212329 1.03527537091 1.11914008542 1.34966299237 1.36087264941 1.50717276849 1.78061546673
191 2292 1.83910578273 1.78707084024 0.145716971629 0.145716971629 0.341194319765 0.575055502064 0.587700440215 0.613357957663 0.668305693948 0.696657962049 0.763481002998 0.792326583983 0.805145125513 0.858535326401 0.923616246268 0.965003905187 1.00724240283 1.0430425063 1.12873317989 1.34794169854 1.36423059019 1.51616154428 1.78707084024
192 2304 1.84406801684 1.78618974965 0.143630954155 0.143630954155 0.341103781198 0.574955788275 0.580084935016 0.612500830121 0.667851852555 0.69934024066 0.763853126597 0.797573256278 0.806375305278 0.85342204816 0.919349020775 0.969528138351 0.998971015976 1.04059643183 1.13474451205 1.34992539087 1.37406081111 1.51501333186 1.78618974965
193 2316 1.86009984501 1.79129063369 0.142883413318 0.142883413318 0.339450608552 0.574238293861 0.580077325004 0.610222901679 0.666229492112 0.692233504317 0.765758914088 0.793127960126 0.814708024182 0.857022409124 0.909219044379 0.970359388803 0.996217507185 1.02793643346 1.14146915912 1.34341294497 1.37099837701 1.51498371678 1.79129063369
194 2328 1.80643232372 1.77278636839 0.140583530218 0.140583530218 0.33784898711 0.572058228297 0.580166870601 0.612846567372 0.667477527405 0.68867061221 0.768489841944 0.789159582982 0.810302494339 0.863452976191 0.90955539362 0.969984996345 0.999646364919 1.02033471423 1.14415288914 1.33764307525 1.37125230758 1.52056895536 1.77278636839
195 2340 1.83373989672 1.76022316499 0.138537420898 0.138537420898 0.333571483101 0.568590423234 0.57959703677 0.613642288775 0.662791237765 0.688628643212 0.765791266713 0.787322172591 0.807347685629 0.861028892144 0.90793988982 0.970756012205 1.00086039105 1.02158564315 1.14510041947 1.34043478767 1.37296911871 1.53058588008 1.76022316499
196 2352 1.83101430237 1.76407595374 0.136434222643 0.136434222643 0.331078378224 0.564375154637 0.579349911247 0.60958393023 0.661543918312 0.686100967762 0.764042736587 0.789301414246 0.819762888866 0.860389661721 0.897241531384 0.971357328003 1.01479915769 1.0302804486 1.14925087552 1.33276638781 1.39027609632 1.53239665104 1.76407595374
197 2364 1.88391411021 1.76791172702 0.134121578467 0.134121578467 0.327780955508 0.559205634155 0.578272688781 0.610673374617 0.659290087541 0.696449445671 0.763086258311 0.784864561497 0.821721057006 0.862254570489 0.901700049786 0.971754137334 1.01696364079 1.03443572427 1.15739912979 1.32625256305 1.39553066565 1.52766308992 1.76791172702
198 2376 1.91064498805 1.78940400737 0.133387048034 0.133387048034 0.327427964965 0.553663677502 0.573935555042 0.607346007708 0.651544825137 0.701226049363 0.77316766947 0.784255840753 0.819621184669 0.857678034994 0.903515785589 0.968540320701 1.01110386429 1.02875859127 1.15087549995 1.33040484311 1.3977816785 1.53549539754 1.78940400737
199 2388 1.80880826075 1.82046744919 0.132266076041 0.132266076041 0.322576728689 0.550311807315 0.571863891561 0.606332533558 0.655361179701 0.701097052845 0.772086501471 0.782422230907 0.819075377075 0.858116184392 0.902485793849 0.967095465231 1.0045145068 1.02779646354 1.14118891846 1.32949644297 1.39389533357 1.53884599816 1.82046744919
200 2400 1.76306055241 1.83181570541 0.131568340639 0.131568340639 0.318421709368 0.550182854266 0.570183339454 0.605251479336 0.657680788908 0.702988627149 0.768916962133 0.781878308019 0.819214950711 0.85852792927 0.903926600979 0.966988943055 1.00154128501 1.02668563796 1.14247150492 1.3270701318 1.37313470085 1.52421522282 1.83181570541
